STN_ID,SITE_CODE,WLM_ID,MSMT_DATE,WLM_RPE,WLM_GSE,RDNG_WS,RDNG_RP,WSE,RPE_WSE,GSE_WSE,WLM_QA_DESC,WLM_DESC,WLM_ACC_DESC,WLM_ORG_ID,WLM_ORG_NAME,MSMT_CMT,COOP_AGENCY_ORG_ID,COOP_ORG_NAME
2839,344458N1192917W001,2625728,2020-03-03T00:00:00Z,664.813,660.593,NA,NA,NA,NA,NA,Pumping,NA,NA,5029,"County of Ventura, Watershed Protection District",NA,5029,"County of Ventura, Watershed Protection District"
2839,344458N1192917W001,2625802,2019-12-03T00:00:00Z,664.813,660.593,10.2,60,615.013,49.8,45.58,NA,Steel tape measurement,Water level accuracy to nearest hundredth of a foot,5029,"County of Ventura, Watershed Protection District",NA,5029,"County of Ventura, Watershed Protection District"
2839,344458N1192917W001,2485333,2019-09-25T00:00:00Z,664.813,660.593,NA,NA,NA,NA,NA,Pumping,NA,NA,5029,"County of Ventura, Watershed Protection District",NA,5029,"County of Ventura, Watershed Protection District"
2839,344458N1192917W001,2485404,2019-06-12T00:00:00Z,664.813,660.593,13.1,50,627.913,36.9,32.68,Nearby pump operating,Steel tape measurement,Water level accuracy to nearest hundredth of a foot,5029,"County of Ventura, Watershed Protection District",NA,5029,"County of Ventura, Watershed Protection District"
2839,344458N1192917W001,2458165,2019-03-27T00:00:00Z,664.813,660.593,13,37,640.813,24,19.78,NA,Steel tape measurement,Water level accuracy to nearest hundredth of a foot,5029,"County of Ventura, Watershed Protection District",NA,5029,"County of Ventura, Watershed Protection District"
2839,344458N1192917W001,2458013,2018-12-28T00:00:00Z,664.813,660.593,11.4,59,617.213,47.6,43.38,NA,Steel tape measurement,Water level accuracy to nearest hundredth of a foot,5029,"County of Ventura, Watershed Protection District",NA,5029,"County of Ventura, Watershed Protection District"
2839,344458N1192917W001,2417617,2018-09-17T00:00:00Z,664.813,660.593,10,70,604.813,60,55.78,NA,Steel tape measurement,Water level accuracy to nearest hundredth of a foot,5029,"County of Ventura, Watershed Protection District",NA,5029,"County of Ventura, Watershed Protection District"
2839,344458N1192917W001,2417593,2018-06-12T00:00:00Z,664.813,660.593,7.3,59,613.113,51.7,47.48,NA,Steel tape measurement,Water level accuracy to nearest hundredth of a foot,5029,"County of Ventura, Watershed Protection District",NA,5029,"County of Ventura, Watershed Protection District"
2839,344458N1192917W001,2288746,2018-03-05T00:00:00Z,664.813,660.593,8.2,72,601.013,63.8,59.58,NA,Steel tape measurement,Water level accuracy to nearest hundredth of a foot,5029,"County of Ventura, Watershed Protection District",NA,5029,"County of Ventura, Watershed Protection District"
2839,344458N1192917W001,2288747,2017-12-29T00:00:00Z,664.813,660.593,7.9,75,597.713,67.1,62.88,NA,Steel tape measurement,Water level accuracy to nearest hundredth of a foot,5029,"County of Ventura, Watershed Protection District",NA,5029,"County of Ventura, Watershed Protection District"
2839,344458N1192917W001,2269988,2017-09-06T00:00:00Z,664.813,660.593,7.8,70,602.613,62.2,57.98,NA,Steel tape measurement,Water level accuracy to nearest hundredth of a foot,5029,"County of Ventura, Watershed Protection District",NA,5029,"County of Ventura, Watershed Protection District"
2839,344458N1192917W001,2269989,2017-06-07T00:00:00Z,664.813,660.593,8.6,40,633.413,31.4,27.18,NA,Steel tape measurement,Water level accuracy to nearest hundredth of a foot,5029,"County of Ventura, Watershed Protection District",NA,5029,"County of Ventura, Watershed Protection District"
2839,344458N1192917W001,2242421,2017-03-07T00:00:00Z,664.813,660.593,6.9,20,651.713,13.1,8.88,NA,Steel tape measurement,Water level accuracy to nearest hundredth of a foot,5029,"County of Ventura, Watershed Protection District",NA,5029,"County of Ventura, Watershed Protection District"
2839,344458N1192917W001,2242318,2016-12-06T00:00:00Z,664.813,660.593,9.1,77,596.913,67.9,63.68,NA,Steel tape measurement,Water level accuracy to nearest hundredth of a foot,5029,"County of Ventura, Watershed Protection District",NA,5029,"County of Ventura, Watershed Protection District"
2839,344458N1192917W001,2217836,2016-09-13T00:00:00Z,664.813,660.593,10.8,80,595.613,69.2,64.98,NA,Steel tape measurement,Water level accuracy to nearest hundredth of a foot,5029,"County of Ventura, Watershed Protection District",NA,5029,"County of Ventura, Watershed Protection District"
2839,344458N1192917W001,2217837,2016-06-14T00:00:00Z,664.813,660.593,8.1,70,602.913,61.9,57.68,NA,Steel tape measurement,Water level accuracy to nearest hundredth of a foot,5029,"County of Ventura, Watershed Protection District",NA,5029,"County of Ventura, Watershed Protection District"
2839,344458N1192917W001,2190350,2016-03-02T00:00:00Z,664.813,660.593,10,60,614.813,50,45.78,NA,Steel tape measurement,Water level accuracy to nearest hundredth of a foot,5029,"County of Ventura, Watershed Protection District",NA,5029,"County of Ventura, Watershed Protection District"
2839,344458N1192917W001,2190270,2015-12-15T00:00:00Z,664.813,660.593,8.8,98,575.613,89.2,84.98,NA,Steel tape measurement,Water level accuracy to nearest hundredth of a foot,5029,"County of Ventura, Watershed Protection District",NA,5029,"County of Ventura, Watershed Protection District"
2839,344458N1192917W001,2169296,2015-10-27T00:00:00Z,664.813,660.593,8.9,80,593.713,71.1,66.88,NA,Steel tape measurement,Water level accuracy to nearest hundredth of a foot,5029,"County of Ventura, Watershed Protection District",NA,5029,"County of Ventura, Watershed Protection District"
2839,344458N1192917W001,2169164,2015-06-11T00:00:00Z,664.813,660.593,8.2,70,603.013,61.8,57.58,Nearby pump operating,Steel tape measurement,Water level accuracy to nearest hundredth of a foot,5029,"County of Ventura, Watershed Protection District",NA,5029,"County of Ventura, Watershed Protection District"
2839,344458N1192917W001,2120520,2015-03-11T00:00:00Z,664.813,660.593,7.9,46,626.713,38.1,33.88,NA,Steel tape measurement,Water level accuracy to nearest hundredth of a foot,5029,"County of Ventura, Watershed Protection District",NA,5029,"County of Ventura, Watershed Protection District"
2839,344458N1192917W001,2120438,2014-12-17T00:00:00Z,664.813,660.593,9.25,67,607.063,57.75,53.53,NA,Steel tape measurement,Water level accuracy to nearest hundredth of a foot,5029,"County of Ventura, Watershed Protection District",NA,5029,"County of Ventura, Watershed Protection District"
2839,344458N1192917W001,2027037,2014-09-11T00:00:00Z,664.813,660.593,9.6,74,600.413,64.4,60.18,NA,Steel tape measurement,Water level accuracy to nearest hundredth of a foot,5029,"County of Ventura, Watershed Protection District",NA,5029,"County of Ventura, Watershed Protection District"
2839,344458N1192917W001,1994741,2014-06-03T00:00:00Z,664.813,660.593,6.9,57,614.713,50.1,45.88,NA,Steel tape measurement,Water level accuracy to nearest hundredth of a foot,5029,"County of Ventura, Watershed Protection District",NA,5029,"County of Ventura, Watershed Protection District"
2839,344458N1192917W001,1884790,2014-03-11T00:00:00Z,664.813,660.593,65.5,100,630.313,34.5,30.28,NA,Steel tape measurement,Water level accuracy to nearest hundredth of a foot,5029,"County of Ventura, Watershed Protection District",NA,5029,"County of Ventura, Watershed Protection District"
2839,344458N1192917W001,1821510,2013-12-04T00:00:00Z,664.813,660.593,62.3,140,587.113,77.7,73.48,NA,Steel tape measurement,Water level accuracy to nearest hundredth of a foot,5029,"County of Ventura, Watershed Protection District",NA,5029,"County of Ventura, Watershed Protection District"
2839,344458N1192917W001,1817008,2013-09-11T00:00:00Z,664.813,660.593,7.1,85,586.913,77.9,73.68,Nearby pump operating,Steel tape measurement,Water level accuracy to nearest hundredth of a foot,5029,"County of Ventura, Watershed Protection District",NA,5029,"County of Ventura, Watershed Protection District"
2839,344458N1192917W001,1733472,2013-06-05T00:00:00Z,664.813,660.593,64.8,122,607.613,57.2,52.98,NA,Steel tape measurement,Water level accuracy to nearest hundredth of a foot,5029,"County of Ventura, Watershed Protection District",NA,5029,"County of Ventura, Watershed Protection District"
2839,344458N1192917W001,1733296,2013-03-12T00:00:00Z,664.813,660.593,-0.4,34,630.413,34.4,30.18,NA,Steel tape measurement,Water level accuracy to nearest hundredth of a foot,5029,"County of Ventura, Watershed Protection District",NA,5029,"County of Ventura, Watershed Protection District"
2839,344458N1192917W001,91231,2012-12-05T00:00:00Z,664.813,660.593,-0.65,62,602.163,62.65,58.43,NA,Steel tape measurement,Water level accuracy to nearest hundredth of a foot,5029,"County of Ventura, Watershed Protection District",NA,5029,"County of Ventura, Watershed Protection District"
2839,344458N1192917W001,91230,2012-09-18T00:00:00Z,664.813,660.593,0.3,85,580.113,84.7,80.48,NA,Steel tape measurement,Water level accuracy to nearest hundredth of a foot,5029,"County of Ventura, Watershed Protection District",NA,5029,"County of Ventura, Watershed Protection District"
2839,344458N1192917W001,91232,2012-06-07T00:00:00Z,664.813,660.593,-0.7,42,622.113,42.7,38.48,NA,Steel tape measurement,Water level accuracy to nearest hundredth of a foot,5029,"County of Ventura, Watershed Protection District",NA,5029,"County of Ventura, Watershed Protection District"
2839,344458N1192917W001,57952,2012-03-15T00:00:00Z,664.813,660.593,-0.5,40,624.313,40.5,36.28,NA,Steel tape measurement,Water level accuracy to nearest hundredth of a foot,5029,"County of Ventura, Watershed Protection District",NA,5029,"County of Ventura, Watershed Protection District"
2839,344458N1192917W001,28295,2011-12-21T00:00:00Z,664.813,660.593,0,33,631.813,33,28.78,NA,Steel tape measurement,Water level accuracy to nearest hundredth of a foot,5029,"County of Ventura, Watershed Protection District",NA,5029,"County of Ventura, Watershed Protection District"
2839,344458N1192917W001,28292,2011-09-20T00:00:00Z,664.813,660.593,0,43.7,621.113,43.7,39.48,NA,Steel tape measurement,Water level accuracy to nearest hundredth of a foot,5029,"County of Ventura, Watershed Protection District",NA,5029,"County of Ventura, Watershed Protection District"
2839,344458N1192917W001,28293,2011-06-20T00:00:00Z,664.813,660.593,0,15.45,649.363,15.45,11.23,NA,Steel tape measurement,Water level accuracy to nearest hundredth of a foot,5029,"County of Ventura, Watershed Protection District",NA,5029,"County of Ventura, Watershed Protection District"
2839,344458N1192917W001,28294,2011-03-08T00:00:00Z,664.813,660.593,0,16.3,648.513,16.3,12.08,NA,Steel tape measurement,Water level accuracy to nearest hundredth of a foot,5029,"County of Ventura, Watershed Protection District",NA,5029,"County of Ventura, Watershed Protection District"
2839,344458N1192917W001,1528395,2010-12-08T00:00:00Z,664.81,660.59,0,49,615.81,49,44.78,NA,Unknown,Water level accuracy is unknown,1,Department of Water Resources,NA,1082,VENTURA COUNTY FLOOD CONTROL DISTRICT
2839,344458N1192917W001,1528394,2010-10-01T00:00:00Z,664.81,660.59,0,61.2,603.61,61.2,56.98,NA,Unknown,Water level accuracy is unknown,1,Department of Water Resources,NA,1082,VENTURA COUNTY FLOOD CONTROL DISTRICT
2839,344458N1192917W001,1528393,2010-08-04T00:00:00Z,664.81,660.59,0,40.5,624.31,40.5,36.28,NA,Unknown,Water level accuracy is unknown,1,Department of Water Resources,NA,1082,VENTURA COUNTY FLOOD CONTROL DISTRICT
2839,344458N1192917W001,1528392,2010-05-28T00:00:00Z,664.81,660.59,0,17.5,647.31,17.5,13.28,NA,Unknown,Water level accuracy is unknown,1,Department of Water Resources,NA,1082,VENTURA COUNTY FLOOD CONTROL DISTRICT
2839,344458N1192917W001,1528391,2010-04-05T00:00:00Z,664.81,660.59,0,15.6,649.21,15.6,11.38,NA,Unknown,Water level accuracy is unknown,1,Department of Water Resources,NA,1082,VENTURA COUNTY FLOOD CONTROL DISTRICT
2839,344458N1192917W001,1528390,2010-02-03T00:00:00Z,664.81,660.59,0,15,649.81,15,10.78,NA,Unknown,Water level accuracy is unknown,1,Department of Water Resources,NA,1082,VENTURA COUNTY FLOOD CONTROL DISTRICT
2839,344458N1192917W001,1528383,2009-12-01T00:00:00Z,664.81,660.59,0,45.3,619.51,45.3,41.08,NA,Unknown,Water level accuracy is unknown,1,Department of Water Resources,NA,1082,VENTURA COUNTY FLOOD CONTROL DISTRICT
2839,344458N1192917W001,1528389,2009-10-05T00:00:00Z,664.81,660.59,0,74.2,590.61,74.2,69.98,NA,Unknown,Water level accuracy is unknown,1,Department of Water Resources,NA,1082,VENTURA COUNTY FLOOD CONTROL DISTRICT
2839,344458N1192917W001,1528388,2009-07-30T00:00:00Z,664.81,660.59,0,61.3,603.51,61.3,57.08,NA,Unknown,Water level accuracy is unknown,1,Department of Water Resources,NA,1082,VENTURA COUNTY FLOOD CONTROL DISTRICT
2839,344458N1192917W001,1528387,2009-05-28T00:00:00Z,664.81,660.59,0,36.2,628.61,36.2,31.98,NA,Unknown,Water level accuracy is unknown,1,Department of Water Resources,NA,1082,VENTURA COUNTY FLOOD CONTROL DISTRICT
2839,344458N1192917W001,1528386,2009-03-26T00:00:00Z,664.81,660.59,0,17,647.81,17,12.78,NA,Unknown,Water level accuracy is unknown,1,Department of Water Resources,NA,1082,VENTURA COUNTY FLOOD CONTROL DISTRICT
2839,344458N1192917W001,1528385,2009-02-02T00:00:00Z,664.81,660.59,0,48,616.81,48,43.78,NA,Unknown,Water level accuracy is unknown,1,Department of Water Resources,NA,1082,VENTURA COUNTY FLOOD CONTROL DISTRICT
2839,344458N1192917W001,1528384,2008-12-04T00:00:00Z,664.81,660.59,0,50.8,614.01,50.8,46.58,NA,Unknown,Water level accuracy is unknown,1,Department of Water Resources,NA,1082,VENTURA COUNTY FLOOD CONTROL DISTRICT
2839,344458N1192917W001,1528381,2008-09-24T00:00:00Z,664.81,660.59,0,52,612.81,52,47.78,NA,Unknown,Water level accuracy is unknown,1,Department of Water Resources,NA,1082,VENTURA COUNTY FLOOD CONTROL DISTRICT
2839,344458N1192917W001,1528380,2008-08-08T00:00:00Z,664.81,660.59,0,36.9,627.91,36.9,32.68,NA,Unknown,Water level accuracy is unknown,1,Department of Water Resources,NA,1082,VENTURA COUNTY FLOOD CONTROL DISTRICT
2839,344458N1192917W001,1528371,2008-06-02T00:00:00Z,664.81,660.59,0,16.1,648.71,16.1,11.88,NA,Unknown,Water level accuracy is unknown,1,Department of Water Resources,NA,1082,VENTURA COUNTY FLOOD CONTROL DISTRICT
2839,344458N1192917W001,1528372,2008-03-28T00:00:00Z,664.81,660.59,0,11.3,653.51,11.3,7.08,NA,Unknown,Water level accuracy is unknown,1,Department of Water Resources,NA,1082,VENTURA COUNTY FLOOD CONTROL DISTRICT
2839,344458N1192917W001,1528366,2008-02-04T00:00:00Z,664.81,660.59,0,11.5,653.31,11.5,7.28,NA,Unknown,Water level accuracy is unknown,1,Department of Water Resources,NA,1082,VENTURA COUNTY FLOOD CONTROL DISTRICT
2839,344458N1192917W001,1528367,2007-12-03T00:00:00Z,664.81,660.59,0,66.9,597.91,66.9,62.68,NA,Unknown,Water level accuracy is unknown,1,Department of Water Resources,NA,1082,VENTURA COUNTY FLOOD CONTROL DISTRICT
2839,344458N1192917W001,1528368,2007-09-28T00:00:00Z,664.81,660.59,0,71.5,593.31,71.5,67.28,NA,Unknown,Water level accuracy is unknown,1,Department of Water Resources,NA,1082,VENTURA COUNTY FLOOD CONTROL DISTRICT
2839,344458N1192917W001,1528369,2007-08-07T00:00:00Z,664.81,660.59,0,66,598.81,66,61.78,NA,Unknown,Water level accuracy is unknown,1,Department of Water Resources,NA,1082,VENTURA COUNTY FLOOD CONTROL DISTRICT
2839,344458N1192917W001,1528370,2007-06-05T00:00:00Z,664.81,660.59,0,46.1,618.71,46.1,41.88,NA,Unknown,Water level accuracy is unknown,1,Department of Water Resources,NA,1082,VENTURA COUNTY FLOOD CONTROL DISTRICT
2839,344458N1192917W001,1528373,2007-03-30T00:00:00Z,664.81,660.59,0,31.5,633.31,31.5,27.28,NA,Unknown,Water level accuracy is unknown,1,Department of Water Resources,NA,1082,VENTURA COUNTY FLOOD CONTROL DISTRICT
2839,344458N1192917W001,1528374,2007-02-03T00:00:00Z,664.81,660.59,0,25.4,639.41,25.4,21.18,NA,Unknown,Water level accuracy is unknown,1,Department of Water Resources,NA,1082,VENTURA COUNTY FLOOD CONTROL DISTRICT
2839,344458N1192917W001,1528376,2006-12-01T00:00:00Z,664.81,660.59,0,39,625.81,39,34.78,NA,Unknown,Water level accuracy is unknown,1,Department of Water Resources,NA,1082,VENTURA COUNTY FLOOD CONTROL DISTRICT
2839,344458N1192917W001,1528379,2006-09-28T00:00:00Z,664.81,660.59,NA,NA,NA,NA,NA,Temporarily inaccessible,NA,NA,1,Department of Water Resources,NA,1082,VENTURA COUNTY FLOOD CONTROL DISTRICT
2839,344458N1192917W001,1528377,2006-07-27T00:00:00Z,664.81,660.59,0,23.6,641.21,23.6,19.38,NA,Unknown,Water level accuracy is unknown,1,Department of Water Resources,NA,1082,VENTURA COUNTY FLOOD CONTROL DISTRICT
2839,344458N1192917W001,1528382,2006-06-06T00:00:00Z,664.81,660.59,0,13.9,650.91,13.9,9.68,NA,Unknown,Water level accuracy is unknown,1,Department of Water Resources,NA,1082,VENTURA COUNTY FLOOD CONTROL DISTRICT
2839,344458N1192917W001,1528378,2006-04-07T00:00:00Z,664.81,660.59,NA,NA,NA,NA,NA,Temporarily inaccessible,NA,NA,1,Department of Water Resources,NA,1082,VENTURA COUNTY FLOOD CONTROL DISTRICT
2839,344458N1192917W001,1528375,2006-02-06T00:00:00Z,664.81,660.59,0,16.7,648.11,16.7,12.48,NA,Unknown,Water level accuracy is unknown,1,Department of Water Resources,NA,1082,VENTURA COUNTY FLOOD CONTROL DISTRICT
2839,344458N1192917W001,1528365,2005-12-06T00:00:00Z,664.81,660.59,0,24.5,640.31,24.5,20.28,NA,Unknown,Water level accuracy is unknown,1,Department of Water Resources,NA,1082,VENTURA COUNTY FLOOD CONTROL DISTRICT
2839,344458N1192917W001,1528364,2005-09-30T00:00:00Z,664.81,660.59,0,27.6,637.21,27.6,23.38,NA,Unknown,Water level accuracy is unknown,1,Department of Water Resources,NA,1082,VENTURA COUNTY FLOOD CONTROL DISTRICT
2839,344458N1192917W001,1528363,2005-08-02T00:00:00Z,664.81,660.59,0,17,647.81,17,12.78,NA,Unknown,Water level accuracy is unknown,1,Department of Water Resources,NA,1082,VENTURA COUNTY FLOOD CONTROL DISTRICT
2839,344458N1192917W001,1528362,2005-06-07T00:00:00Z,664.81,660.59,0,11.5,653.31,11.5,7.28,NA,Unknown,Water level accuracy is unknown,1,Department of Water Resources,NA,1082,VENTURA COUNTY FLOOD CONTROL DISTRICT
2839,344458N1192917W001,1528361,2005-04-01T00:00:00Z,664.81,660.59,0,8.8,656.01,8.8,4.58,NA,Unknown,Water level accuracy is unknown,1,Department of Water Resources,NA,1082,VENTURA COUNTY FLOOD CONTROL DISTRICT
2839,344458N1192917W001,1528360,2005-02-03T00:00:00Z,664.81,660.59,0,8.7,656.11,8.7,4.48,NA,Unknown,Water level accuracy is unknown,1,Department of Water Resources,NA,1082,VENTURA COUNTY FLOOD CONTROL DISTRICT
2839,344458N1192917W001,1528359,2004-12-09T00:00:00Z,664.81,660.59,0,32.2,632.61,32.2,27.98,NA,Unknown,Water level accuracy is unknown,1,Department of Water Resources,NA,1082,VENTURA COUNTY FLOOD CONTROL DISTRICT
2839,344458N1192917W001,1528358,2004-10-05T00:00:00Z,664.81,660.59,0,77,587.81,77,72.78,NA,Unknown,Water level accuracy is unknown,1,Department of Water Resources,NA,1082,VENTURA COUNTY FLOOD CONTROL DISTRICT
2839,344458N1192917W001,1528357,2004-07-29T00:00:00Z,664.81,660.59,0,68.7,596.11,68.7,64.48,NA,Unknown,Water level accuracy is unknown,1,Department of Water Resources,NA,1082,VENTURA COUNTY FLOOD CONTROL DISTRICT
2839,344458N1192917W001,1528356,2004-05-28T00:00:00Z,664.81,660.59,0,41.2,623.61,41.2,36.98,NA,Unknown,Water level accuracy is unknown,1,Department of Water Resources,NA,1082,VENTURA COUNTY FLOOD CONTROL DISTRICT
2839,344458N1192917W001,1528355,2004-04-06T00:00:00Z,664.81,660.59,0,24,640.81,24,19.78,NA,Unknown,Water level accuracy is unknown,1,Department of Water Resources,NA,1082,VENTURA COUNTY FLOOD CONTROL DISTRICT
2839,344458N1192917W001,1528354,2004-02-02T00:00:00Z,664.81,660.59,0,56,608.81,56,51.78,NA,Unknown,Water level accuracy is unknown,1,Department of Water Resources,NA,1082,VENTURA COUNTY FLOOD CONTROL DISTRICT
2839,344458N1192917W001,1528353,2003-12-02T00:00:00Z,664.81,660.59,0,59.3,605.51,59.3,55.08,NA,Unknown,Water level accuracy is unknown,1,Department of Water Resources,NA,1082,VENTURA COUNTY FLOOD CONTROL DISTRICT
2839,344458N1192917W001,1528352,2003-10-03T00:00:00Z,664.81,660.59,0,64.7,600.11,64.7,60.48,NA,Unknown,Water level accuracy is unknown,1,Department of Water Resources,NA,1082,VENTURA COUNTY FLOOD CONTROL DISTRICT
2839,344458N1192917W001,1528351,2003-08-04T00:00:00Z,664.81,660.59,0,40.5,624.31,40.5,36.28,NA,Unknown,Water level accuracy is unknown,1,Department of Water Resources,NA,1082,VENTURA COUNTY FLOOD CONTROL DISTRICT
2839,344458N1192917W001,1528350,2003-06-04T00:00:00Z,664.81,660.59,0,20.4,644.41,20.4,16.18,NA,Unknown,Water level accuracy is unknown,1,Department of Water Resources,NA,1082,VENTURA COUNTY FLOOD CONTROL DISTRICT
2839,344458N1192917W001,1528349,2003-03-31T00:00:00Z,664.81,660.59,0,16.8,648.01,16.8,12.58,NA,Unknown,Water level accuracy is unknown,1,Department of Water Resources,NA,1082,VENTURA COUNTY FLOOD CONTROL DISTRICT
2839,344458N1192917W001,1528348,2003-01-30T00:00:00Z,664.81,660.59,0,29.5,635.31,29.5,25.28,NA,Unknown,Water level accuracy is unknown,1,Department of Water Resources,NA,1082,VENTURA COUNTY FLOOD CONTROL DISTRICT
2839,344458N1192917W001,1528347,2002-12-03T00:00:00Z,664.81,660.59,0,51.7,613.11,51.7,47.48,NA,Unknown,Water level accuracy is unknown,1,Department of Water Resources,NA,1082,VENTURA COUNTY FLOOD CONTROL DISTRICT
2839,344458N1192917W001,1528346,2002-10-10T00:00:00Z,664.81,660.59,0,74.2,590.61,74.2,69.98,NA,Unknown,Water level accuracy is unknown,1,Department of Water Resources,NA,1082,VENTURA COUNTY FLOOD CONTROL DISTRICT
2839,344458N1192917W001,1528345,2002-08-02T00:00:00Z,664.81,660.59,0,48.2,616.61,48.2,43.98,NA,Unknown,Water level accuracy is unknown,1,Department of Water Resources,NA,1082,VENTURA COUNTY FLOOD CONTROL DISTRICT
2839,344458N1192917W001,1528344,2002-06-03T00:00:00Z,664.81,660.59,0,42.1,622.71,42.1,37.88,NA,Unknown,Water level accuracy is unknown,1,Department of Water Resources,NA,1082,VENTURA COUNTY FLOOD CONTROL DISTRICT
2839,344458N1192917W001,1528343,2002-04-03T00:00:00Z,664.81,660.59,0,39.5,625.31,39.5,35.28,NA,Unknown,Water level accuracy is unknown,1,Department of Water Resources,NA,1082,VENTURA COUNTY FLOOD CONTROL DISTRICT
2839,344458N1192917W001,1528342,2002-02-05T00:00:00Z,664.81,660.59,0,23.7,641.11,23.7,19.48,NA,Unknown,Water level accuracy is unknown,1,Department of Water Resources,NA,1082,VENTURA COUNTY FLOOD CONTROL DISTRICT
2839,344458N1192917W001,1528341,2001-12-06T00:00:00Z,664.81,660.59,0,30.2,634.61,30.2,25.98,NA,Unknown,Water level accuracy is unknown,1,Department of Water Resources,NA,1082,VENTURA COUNTY FLOOD CONTROL DISTRICT
2839,344458N1192917W001,1528340,2001-10-02T00:00:00Z,664.81,660.59,0,43.2,621.61,43.2,38.98,NA,Unknown,Water level accuracy is unknown,1,Department of Water Resources,NA,1082,VENTURA COUNTY FLOOD CONTROL DISTRICT
2839,344458N1192917W001,1528339,2001-08-09T00:00:00Z,664.81,660.59,0,28.6,636.21,28.6,24.38,NA,Unknown,Water level accuracy is unknown,1,Department of Water Resources,NA,1082,VENTURA COUNTY FLOOD CONTROL DISTRICT
2839,344458N1192917W001,1528338,2001-05-29T00:00:00Z,664.81,660.59,0,13.1,651.71,13.1,8.88,NA,Unknown,Water level accuracy is unknown,1,Department of Water Resources,NA,1082,VENTURA COUNTY FLOOD CONTROL DISTRICT
2839,344458N1192917W001,1528337,2001-04-02T00:00:00Z,664.81,660.59,0,11.2,653.61,11.2,6.98,NA,Unknown,Water level accuracy is unknown,1,Department of Water Resources,NA,1082,VENTURA COUNTY FLOOD CONTROL DISTRICT
2839,344458N1192917W001,1528336,2001-02-02T00:00:00Z,664.81,660.59,0,24.5,640.31,24.5,20.28,NA,Unknown,Water level accuracy is unknown,1,Department of Water Resources,NA,1082,VENTURA COUNTY FLOOD CONTROL DISTRICT
2839,344458N1192917W001,1528335,2000-12-06T00:00:00Z,664.81,660.59,0,53.3,611.51,53.3,49.08,NA,Unknown,Water level accuracy is unknown,1,Department of Water Resources,NA,1082,VENTURA COUNTY FLOOD CONTROL DISTRICT
2839,344458N1192917W001,1528334,2000-10-04T00:00:00Z,664.81,660.59,0,45.5,619.31,45.5,41.28,NA,Unknown,Water level accuracy is unknown,1,Department of Water Resources,NA,1082,VENTURA COUNTY FLOOD CONTROL DISTRICT
2839,344458N1192917W001,1528333,2000-08-24T00:00:00Z,664.81,660.59,0,44.4,620.41,44.4,40.18,NA,Unknown,Water level accuracy is unknown,1,Department of Water Resources,NA,1082,VENTURA COUNTY FLOOD CONTROL DISTRICT
2839,344458N1192917W001,1528332,2000-06-08T00:00:00Z,664.81,660.59,0,22.7,642.11,22.7,18.48,NA,Unknown,Water level accuracy is unknown,1,Department of Water Resources,NA,1082,VENTURA COUNTY FLOOD CONTROL DISTRICT
2839,344458N1192917W001,1528331,2000-04-05T00:00:00Z,664.81,660.59,0,15,649.81,15,10.78,NA,Unknown,Water level accuracy is unknown,1,Department of Water Resources,NA,1082,VENTURA COUNTY FLOOD CONTROL DISTRICT
2839,344458N1192917W001,1528330,2000-02-15T00:00:00Z,664.81,660.59,0,56.2,608.61,56.2,51.98,NA,Unknown,Water level accuracy is unknown,1,Department of Water Resources,NA,1082,VENTURA COUNTY FLOOD CONTROL DISTRICT
2839,344458N1192917W001,1528329,1999-12-09T00:00:00Z,664.81,660.59,0,66.8,598.01,66.8,62.58,NA,Unknown,Water level accuracy is unknown,1,Department of Water Resources,NA,1082,VENTURA COUNTY FLOOD CONTROL DISTRICT
2839,344458N1192917W001,1528328,1999-10-08T00:00:00Z,664.81,660.59,0,58.5,606.31,58.5,54.28,NA,Unknown,Water level accuracy is unknown,1,Department of Water Resources,NA,1082,VENTURA COUNTY FLOOD CONTROL DISTRICT
2839,344458N1192917W001,1528327,1999-07-29T00:00:00Z,664.81,660.59,0,40.8,624.01,40.8,36.58,NA,Unknown,Water level accuracy is unknown,1,Department of Water Resources,NA,1082,VENTURA COUNTY FLOOD CONTROL DISTRICT
2839,344458N1192917W001,1528326,1999-06-03T00:00:00Z,664.81,660.59,0,26.2,638.61,26.2,21.98,NA,Unknown,Water level accuracy is unknown,1,Department of Water Resources,NA,1082,VENTURA COUNTY FLOOD CONTROL DISTRICT
2839,344458N1192917W001,1528325,1999-04-02T00:00:00Z,664.81,660.59,0,27.1,637.71,27.1,22.88,NA,Unknown,Water level accuracy is unknown,1,Department of Water Resources,NA,1082,VENTURA COUNTY FLOOD CONTROL DISTRICT
2839,344458N1192917W001,1528324,1999-02-10T00:00:00Z,664.81,660.59,0,21.8,643.01,21.8,17.58,NA,Unknown,Water level accuracy is unknown,1,Department of Water Resources,NA,1082,VENTURA COUNTY FLOOD CONTROL DISTRICT
2839,344458N1192917W001,1528323,1998-12-08T00:00:00Z,664.81,660.59,0,23.5,641.31,23.5,19.28,NA,Unknown,Water level accuracy is unknown,1,Department of Water Resources,NA,1082,VENTURA COUNTY FLOOD CONTROL DISTRICT
2839,344458N1192917W001,1528322,1998-10-02T00:00:00Z,664.81,660.59,0,20.2,644.61,20.2,15.98,NA,Unknown,Water level accuracy is unknown,1,Department of Water Resources,NA,1082,VENTURA COUNTY FLOOD CONTROL DISTRICT
2839,344458N1192917W001,1528321,1998-08-06T00:00:00Z,664.81,660.59,0,16.8,648.01,16.8,12.58,NA,Unknown,Water level accuracy is unknown,1,Department of Water Resources,NA,1082,VENTURA COUNTY FLOOD CONTROL DISTRICT
2839,344458N1192917W001,1528320,1998-06-09T00:00:00Z,664.81,660.59,0,13.7,651.11,13.7,9.48,NA,Unknown,Water level accuracy is unknown,1,Department of Water Resources,NA,1082,VENTURA COUNTY FLOOD CONTROL DISTRICT
2839,344458N1192917W001,1528319,1998-04-08T00:00:00Z,664.81,660.59,0,10,654.81,10,5.78,NA,Unknown,Water level accuracy is unknown,1,Department of Water Resources,NA,1082,VENTURA COUNTY FLOOD CONTROL DISTRICT
2839,344458N1192917W001,1528318,1998-02-10T00:00:00Z,664.81,660.59,0,7.7,657.11,7.7,3.48,NA,Unknown,Water level accuracy is unknown,1,Department of Water Resources,NA,1082,VENTURA COUNTY FLOOD CONTROL DISTRICT
2839,344458N1192917W001,1528317,1997-12-09T00:00:00Z,664.81,660.59,0,32.4,632.41,32.4,28.18,NA,Unknown,Water level accuracy is unknown,1,Department of Water Resources,NA,1082,VENTURA COUNTY FLOOD CONTROL DISTRICT
2839,344458N1192917W001,1528316,1997-10-14T00:00:00Z,664.81,660.59,0,63.7,601.11,63.7,59.48,Nearby pump operating,Unknown,Water level accuracy is unknown,1,Department of Water Resources,NA,1082,VENTURA COUNTY FLOOD CONTROL DISTRICT
2839,344458N1192917W001,1528315,1997-07-29T00:00:00Z,664.81,660.59,0,49,615.81,49,44.78,NA,Unknown,Water level accuracy is unknown,1,Department of Water Resources,NA,1082,VENTURA COUNTY FLOOD CONTROL DISTRICT
2839,344458N1192917W001,1528314,1997-06-06T00:00:00Z,664.81,660.59,0,26.5,638.31,26.5,22.28,NA,Unknown,Water level accuracy is unknown,1,Department of Water Resources,NA,1082,VENTURA COUNTY FLOOD CONTROL DISTRICT
2839,344458N1192917W001,1528313,1997-04-10T00:00:00Z,664.81,660.59,0,21.7,643.11,21.7,17.48,NA,Unknown,Water level accuracy is unknown,1,Department of Water Resources,NA,1082,VENTURA COUNTY FLOOD CONTROL DISTRICT
2839,344458N1192917W001,1528312,1997-02-07T00:00:00Z,664.81,660.59,0,16.9,647.91,16.9,12.68,NA,Unknown,Water level accuracy is unknown,1,Department of Water Resources,NA,1082,VENTURA COUNTY FLOOD CONTROL DISTRICT
2839,344458N1192917W001,1528311,1996-12-20T00:00:00Z,664.81,660.59,0,24.6,640.21,24.6,20.38,NA,Unknown,Water level accuracy is unknown,1,Department of Water Resources,NA,1082,VENTURA COUNTY FLOOD CONTROL DISTRICT
2839,344458N1192917W001,1528310,1996-10-10T00:00:00Z,664.81,660.59,NA,NA,NA,NA,NA,Special/Other,NA,NA,1,Department of Water Resources,NA,1082,VENTURA COUNTY FLOOD CONTROL DISTRICT
2839,344458N1192917W001,1528309,1996-08-21T00:00:00Z,664.81,660.59,0,54.8,610.01,54.8,50.58,NA,Unknown,Water level accuracy is unknown,1,Department of Water Resources,NA,1082,VENTURA COUNTY FLOOD CONTROL DISTRICT
2839,344458N1192917W001,1528308,1996-06-03T00:00:00Z,664.81,660.59,0,34.8,630.01,34.8,30.58,NA,Unknown,Water level accuracy is unknown,1,Department of Water Resources,NA,1082,VENTURA COUNTY FLOOD CONTROL DISTRICT
2839,344458N1192917W001,1528307,1996-04-03T00:00:00Z,664.81,660.59,0,24.4,640.41,24.4,20.18,NA,Unknown,Water level accuracy is unknown,1,Department of Water Resources,NA,1082,VENTURA COUNTY FLOOD CONTROL DISTRICT
2839,344458N1192917W001,1528306,1996-02-10T00:00:00Z,664.81,660.59,NA,NA,NA,NA,NA,Special/Other,NA,NA,1,Department of Water Resources,NA,1082,VENTURA COUNTY FLOOD CONTROL DISTRICT
2839,344458N1192917W001,1528305,1995-12-10T00:00:00Z,664.81,660.59,NA,NA,NA,NA,NA,Special/Other,NA,NA,1,Department of Water Resources,NA,1082,VENTURA COUNTY FLOOD CONTROL DISTRICT
2839,344458N1192917W001,1528304,1995-10-10T00:00:00Z,664.81,660.59,NA,NA,NA,NA,NA,Special/Other,NA,NA,1,Department of Water Resources,NA,1082,VENTURA COUNTY FLOOD CONTROL DISTRICT
2839,344458N1192917W001,1528303,1995-08-10T00:00:00Z,664.81,660.59,NA,NA,NA,NA,NA,Special/Other,NA,NA,1,Department of Water Resources,NA,1082,VENTURA COUNTY FLOOD CONTROL DISTRICT
2839,344458N1192917W001,1528302,1995-06-10T00:00:00Z,664.81,660.59,NA,NA,NA,NA,NA,Special/Other,NA,NA,1,Department of Water Resources,NA,1082,VENTURA COUNTY FLOOD CONTROL DISTRICT
2839,344458N1192917W001,1528301,1995-04-27T00:00:00Z,664.81,660.59,0,11.1,653.71,11.1,6.88,NA,Unknown,Water level accuracy is unknown,1,Department of Water Resources,NA,1082,VENTURA COUNTY FLOOD CONTROL DISTRICT
2839,344458N1192917W001,1528300,1995-02-10T00:00:00Z,664.81,660.59,NA,NA,NA,NA,NA,Special/Other,NA,NA,1,Department of Water Resources,NA,1082,VENTURA COUNTY FLOOD CONTROL DISTRICT
2839,344458N1192917W001,1528299,1994-12-14T00:00:00Z,664.81,660.59,0,61.1,603.71,61.1,56.88,NA,Unknown,Water level accuracy is unknown,1,Department of Water Resources,NA,1082,VENTURA COUNTY FLOOD CONTROL DISTRICT
2839,344458N1192917W001,1528298,1994-09-21T00:00:00Z,664.81,660.59,0,64.5,600.31,64.5,60.28,NA,Unknown,Water level accuracy is unknown,1,Department of Water Resources,NA,1082,VENTURA COUNTY FLOOD CONTROL DISTRICT
2839,344458N1192917W001,1528297,1994-07-21T00:00:00Z,664.81,660.59,0,56.4,608.41,56.4,52.18,NA,Unknown,Water level accuracy is unknown,1,Department of Water Resources,NA,1082,VENTURA COUNTY FLOOD CONTROL DISTRICT
2839,344458N1192917W001,1528296,1994-06-06T00:00:00Z,664.81,660.59,0,47.2,617.61,47.2,42.98,NA,Unknown,Water level accuracy is unknown,1,Department of Water Resources,NA,1082,VENTURA COUNTY FLOOD CONTROL DISTRICT
2839,344458N1192917W001,1528295,1994-03-21T00:00:00Z,664.81,660.59,0,41.5,623.31,41.5,37.28,NA,Unknown,Water level accuracy is unknown,1,Department of Water Resources,NA,1082,VENTURA COUNTY FLOOD CONTROL DISTRICT
2839,344458N1192917W001,1528294,1994-01-25T00:00:00Z,664.81,660.59,0,33.9,630.91,33.9,29.68,NA,Unknown,Water level accuracy is unknown,1,Department of Water Resources,NA,1082,VENTURA COUNTY FLOOD CONTROL DISTRICT
2839,344458N1192917W001,1528293,1993-12-02T00:00:00Z,664.81,660.59,0,26,638.81,26,21.78,NA,Unknown,Water level accuracy is unknown,1,Department of Water Resources,NA,1082,VENTURA COUNTY FLOOD CONTROL DISTRICT
2839,344458N1192917W001,1528292,1993-10-28T00:00:00Z,664.81,660.59,0,28.8,636.01,28.8,24.58,NA,Unknown,Water level accuracy is unknown,1,Department of Water Resources,NA,1082,VENTURA COUNTY FLOOD CONTROL DISTRICT
2839,344458N1192917W001,1528291,1993-08-17T00:00:00Z,664.81,660.59,0,21.1,643.71,21.1,16.88,NA,Unknown,Water level accuracy is unknown,1,Department of Water Resources,NA,1082,VENTURA COUNTY FLOOD CONTROL DISTRICT
2839,344458N1192917W001,1528290,1993-06-08T00:00:00Z,664.81,660.59,0,16.5,648.31,16.5,12.28,NA,Unknown,Water level accuracy is unknown,1,Department of Water Resources,NA,1082,VENTURA COUNTY FLOOD CONTROL DISTRICT
2839,344458N1192917W001,1528289,1993-03-29T00:00:00Z,664.81,660.59,0,10.4,654.41,10.4,6.18,NA,Unknown,Water level accuracy is unknown,1,Department of Water Resources,NA,1082,VENTURA COUNTY FLOOD CONTROL DISTRICT
2839,344458N1192917W001,1528288,1993-02-16T00:00:00Z,664.81,660.59,0,12.8,652.01,12.8,8.58,NA,Unknown,Water level accuracy is unknown,1,Department of Water Resources,NA,1082,VENTURA COUNTY FLOOD CONTROL DISTRICT
2839,344458N1192917W001,1528287,1992-12-21T00:00:00Z,664.81,660.59,0,30.5,634.31,30.5,26.28,NA,Unknown,Water level accuracy is unknown,1,Department of Water Resources,NA,1082,VENTURA COUNTY FLOOD CONTROL DISTRICT
2839,344458N1192917W001,1528286,1992-09-24T00:00:00Z,664.81,660.59,0,28,636.81,28,23.78,NA,Unknown,Water level accuracy is unknown,1,Department of Water Resources,NA,1082,VENTURA COUNTY FLOOD CONTROL DISTRICT
2839,344458N1192917W001,1528285,1992-07-20T00:00:00Z,664.81,660.59,0,21.1,643.71,21.1,16.88,NA,Unknown,Water level accuracy is unknown,1,Department of Water Resources,NA,1082,VENTURA COUNTY FLOOD CONTROL DISTRICT
2839,344458N1192917W001,1528284,1992-05-27T00:00:00Z,664.81,660.59,0,18.8,646.01,18.8,14.58,NA,Unknown,Water level accuracy is unknown,1,Department of Water Resources,NA,1082,VENTURA COUNTY FLOOD CONTROL DISTRICT
2839,344458N1192917W001,1528283,1992-04-09T00:00:00Z,664.81,660.59,0,23.5,641.31,23.5,19.28,NA,Unknown,Water level accuracy is unknown,1,Department of Water Resources,NA,1082,VENTURA COUNTY FLOOD CONTROL DISTRICT
2839,344458N1192917W001,1528282,1992-01-28T00:00:00Z,664.81,660.59,0,37.9,626.91,37.9,33.68,NA,Unknown,Water level accuracy is unknown,1,Department of Water Resources,NA,1082,VENTURA COUNTY FLOOD CONTROL DISTRICT
2839,344458N1192917W001,1528281,1991-12-03T00:00:00Z,664.81,660.59,0,55,609.81,55,50.78,NA,Unknown,Water level accuracy is unknown,1,Department of Water Resources,NA,1082,VENTURA COUNTY FLOOD CONTROL DISTRICT
2839,344458N1192917W001,1528280,1991-09-26T00:00:00Z,664.81,660.59,0,50,614.81,50,45.78,NA,Unknown,Water level accuracy is unknown,1,Department of Water Resources,NA,1082,VENTURA COUNTY FLOOD CONTROL DISTRICT
2839,344458N1192917W001,1528279,1991-08-01T00:00:00Z,664.81,660.59,0,27.2,637.61,27.2,22.98,NA,Unknown,Water level accuracy is unknown,1,Department of Water Resources,NA,1082,VENTURA COUNTY FLOOD CONTROL DISTRICT
2839,344458N1192917W001,1528278,1991-05-23T00:00:00Z,664.81,660.59,0,18,646.81,18,13.78,NA,Unknown,Water level accuracy is unknown,1,Department of Water Resources,NA,1082,VENTURA COUNTY FLOOD CONTROL DISTRICT
2839,344458N1192917W001,1528277,1991-04-08T00:00:00Z,664.81,660.59,0,15.8,649.01,15.8,11.58,NA,Unknown,Water level accuracy is unknown,1,Department of Water Resources,NA,1082,VENTURA COUNTY FLOOD CONTROL DISTRICT
2839,344458N1192917W001,1528276,1991-02-08T00:00:00Z,664.81,660.59,0,60.4,604.41,60.4,56.18,NA,Unknown,Water level accuracy is unknown,1,Department of Water Resources,NA,1082,VENTURA COUNTY FLOOD CONTROL DISTRICT
2839,344458N1192917W001,1528275,1990-12-05T00:00:00Z,664.81,660.59,0,75,589.81,75,70.78,NA,Unknown,Water level accuracy is unknown,1,Department of Water Resources,NA,1082,VENTURA COUNTY FLOOD CONTROL DISTRICT
2839,344458N1192917W001,1528274,1990-10-01T00:00:00Z,664.81,660.59,0,75.1,589.71,75.1,70.88,NA,Unknown,Water level accuracy is unknown,1,Department of Water Resources,NA,1082,VENTURA COUNTY FLOOD CONTROL DISTRICT
2839,344458N1192917W001,1528273,1990-08-02T00:00:00Z,664.81,660.59,NA,NA,NA,NA,NA,Pumping,NA,NA,1,Department of Water Resources,NA,1082,VENTURA COUNTY FLOOD CONTROL DISTRICT
2839,344458N1192917W001,1528272,1990-06-11T00:00:00Z,664.81,660.59,0,55.9,608.91,55.9,51.68,NA,Unknown,Water level accuracy is unknown,1,Department of Water Resources,NA,1082,VENTURA COUNTY FLOOD CONTROL DISTRICT
2839,344458N1192917W001,1528271,1990-03-26T00:00:00Z,664.81,660.59,0,26.9,637.91,26.9,22.68,NA,Unknown,Water level accuracy is unknown,1,Department of Water Resources,NA,1082,VENTURA COUNTY FLOOD CONTROL DISTRICT
2839,344458N1192917W001,1528270,1990-01-30T00:00:00Z,664.81,660.59,0,40.8,624.01,40.8,36.58,NA,Unknown,Water level accuracy is unknown,1,Department of Water Resources,NA,1082,VENTURA COUNTY FLOOD CONTROL DISTRICT
2839,344458N1192917W001,1528269,1989-12-04T00:00:00Z,664.81,660.59,0,67,597.81,67,62.78,NA,Unknown,Water level accuracy is unknown,1,Department of Water Resources,NA,1082,VENTURA COUNTY FLOOD CONTROL DISTRICT
2839,344458N1192917W001,1528268,1989-10-16T00:00:00Z,664.81,660.59,0,75.2,589.61,75.2,70.98,NA,Unknown,Water level accuracy is unknown,1,Department of Water Resources,NA,1082,VENTURA COUNTY FLOOD CONTROL DISTRICT
2839,344458N1192917W001,1528267,1989-07-31T00:00:00Z,664.81,660.59,0,55.5,609.31,55.5,51.28,NA,Unknown,Water level accuracy is unknown,1,Department of Water Resources,NA,1082,VENTURA COUNTY FLOOD CONTROL DISTRICT
2839,344458N1192917W001,1528266,1989-06-07T00:00:00Z,664.81,660.59,0,44.4,620.41,44.4,40.18,NA,Unknown,Water level accuracy is unknown,1,Department of Water Resources,NA,1082,VENTURA COUNTY FLOOD CONTROL DISTRICT
2839,344458N1192917W001,1528265,1989-04-03T00:00:00Z,664.81,660.59,0,30.3,634.51,30.3,26.08,NA,Unknown,Water level accuracy is unknown,1,Department of Water Resources,NA,1082,VENTURA COUNTY FLOOD CONTROL DISTRICT
2839,344458N1192917W001,1528264,1989-01-31T00:00:00Z,664.81,660.59,0,26.3,638.51,26.3,22.08,NA,Unknown,Water level accuracy is unknown,1,Department of Water Resources,NA,1082,VENTURA COUNTY FLOOD CONTROL DISTRICT
2839,344458N1192917W001,1528263,1988-12-06T00:00:00Z,664.81,660.59,0,46,618.81,46,41.78,NA,Unknown,Water level accuracy is unknown,1,Department of Water Resources,NA,1082,VENTURA COUNTY FLOOD CONTROL DISTRICT
2839,344458N1192917W001,1528262,1988-10-14T00:00:00Z,664.81,660.59,0,58.5,606.31,58.5,54.28,NA,Unknown,Water level accuracy is unknown,1,Department of Water Resources,NA,1082,VENTURA COUNTY FLOOD CONTROL DISTRICT
2839,344458N1192917W001,1528261,1988-08-05T00:00:00Z,664.81,660.59,0,46,618.81,46,41.78,NA,Unknown,Water level accuracy is unknown,1,Department of Water Resources,NA,1082,VENTURA COUNTY FLOOD CONTROL DISTRICT
2839,344458N1192917W001,1528260,1988-06-06T00:00:00Z,664.81,660.59,0,25.6,639.21,25.6,21.38,NA,Unknown,Water level accuracy is unknown,1,Department of Water Resources,NA,1082,VENTURA COUNTY FLOOD CONTROL DISTRICT
2839,344458N1192917W001,1528259,1988-04-01T00:00:00Z,664.81,660.59,0,28.4,636.41,28.4,24.18,NA,Unknown,Water level accuracy is unknown,1,Department of Water Resources,NA,1082,VENTURA COUNTY FLOOD CONTROL DISTRICT
2839,344458N1192917W001,1528258,1988-02-05T00:00:00Z,664.81,660.59,0,23.5,641.31,23.5,19.28,NA,Unknown,Water level accuracy is unknown,1,Department of Water Resources,NA,1082,VENTURA COUNTY FLOOD CONTROL DISTRICT
2839,344458N1192917W001,1528257,1987-12-11T00:00:00Z,664.81,660.59,0,39,625.81,39,34.78,NA,Unknown,Water level accuracy is unknown,1,Department of Water Resources,NA,1082,VENTURA COUNTY FLOOD CONTROL DISTRICT
2839,344458N1192917W001,1528256,1987-09-21T00:00:00Z,664.81,660.59,0,60.4,604.41,60.4,56.18,NA,Unknown,Water level accuracy is unknown,1,Department of Water Resources,NA,1082,VENTURA COUNTY FLOOD CONTROL DISTRICT
2839,344458N1192917W001,1528255,1987-08-04T00:00:00Z,664.81,660.59,0,53.8,611.01,53.8,49.58,NA,Unknown,Water level accuracy is unknown,1,Department of Water Resources,NA,1082,VENTURA COUNTY FLOOD CONTROL DISTRICT
2839,344458N1192917W001,1528254,1987-06-12T00:00:00Z,664.81,660.59,0,40.4,624.41,40.4,36.18,NA,Unknown,Water level accuracy is unknown,1,Department of Water Resources,NA,1082,VENTURA COUNTY FLOOD CONTROL DISTRICT
2839,344458N1192917W001,1528253,1987-04-02T00:00:00Z,664.81,660.59,0,29.9,634.91,29.9,25.68,NA,Unknown,Water level accuracy is unknown,1,Department of Water Resources,NA,1082,VENTURA COUNTY FLOOD CONTROL DISTRICT
2839,344458N1192917W001,1528252,1987-03-04T00:00:00Z,664.81,660.59,0,28.7,636.11,28.7,24.48,NA,Unknown,Water level accuracy is unknown,1,Department of Water Resources,NA,1082,VENTURA COUNTY FLOOD CONTROL DISTRICT
2839,344458N1192917W001,1528251,1987-02-23T00:00:00Z,664.81,660.59,0,30,634.81,30,25.78,NA,Unknown,Water level accuracy is unknown,1,Department of Water Resources,NA,1082,VENTURA COUNTY FLOOD CONTROL DISTRICT
2839,344458N1192917W001,1528250,1987-02-20T00:00:00Z,664.81,660.59,0,28.2,636.61,28.2,23.98,NA,Unknown,Water level accuracy is unknown,1,Department of Water Resources,NA,1082,VENTURA COUNTY FLOOD CONTROL DISTRICT
2839,344458N1192917W001,1528249,1987-02-06T00:00:00Z,664.81,660.59,0,29.4,635.41,29.4,25.18,NA,Unknown,Water level accuracy is unknown,1,Department of Water Resources,NA,1082,VENTURA COUNTY FLOOD CONTROL DISTRICT
2839,344458N1192917W001,1528248,1987-01-09T00:00:00Z,664.81,660.59,0,28.1,636.71,28.1,23.88,NA,Unknown,Water level accuracy is unknown,1,Department of Water Resources,NA,1082,VENTURA COUNTY FLOOD CONTROL DISTRICT
2839,344458N1192917W001,1528247,1986-12-24T00:00:00Z,664.81,660.59,0,26.3,638.51,26.3,22.08,NA,Unknown,Water level accuracy is unknown,1,Department of Water Resources,NA,1082,VENTURA COUNTY FLOOD CONTROL DISTRICT
2839,344458N1192917W001,1528246,1986-12-12T00:00:00Z,664.81,660.59,0,35.5,629.31,35.5,31.28,NA,Unknown,Water level accuracy is unknown,1,Department of Water Resources,NA,1082,VENTURA COUNTY FLOOD CONTROL DISTRICT
2839,344458N1192917W001,1528245,1986-11-25T00:00:00Z,664.81,660.59,0,45.5,619.31,45.5,41.28,NA,Unknown,Water level accuracy is unknown,1,Department of Water Resources,NA,1082,VENTURA COUNTY FLOOD CONTROL DISTRICT
2839,344458N1192917W001,1528244,1986-11-06T00:00:00Z,664.81,660.59,0,37.6,627.21,37.6,33.38,NA,Unknown,Water level accuracy is unknown,1,Department of Water Resources,NA,1082,VENTURA COUNTY FLOOD CONTROL DISTRICT
2839,344458N1192917W001,1528243,1986-10-23T00:00:00Z,664.81,660.59,0,29.3,635.51,29.3,25.08,NA,Unknown,Water level accuracy is unknown,1,Department of Water Resources,NA,1082,VENTURA COUNTY FLOOD CONTROL DISTRICT
2839,344458N1192917W001,1528242,1986-10-08T00:00:00Z,664.81,660.59,0,28.3,636.51,28.3,24.08,NA,Unknown,Water level accuracy is unknown,1,Department of Water Resources,NA,1082,VENTURA COUNTY FLOOD CONTROL DISTRICT
2839,344458N1192917W001,1528241,1986-09-19T00:00:00Z,664.81,660.59,0,29.8,635.01,29.8,25.58,NA,Unknown,Water level accuracy is unknown,1,Department of Water Resources,NA,1082,VENTURA COUNTY FLOOD CONTROL DISTRICT
2839,344458N1192917W001,1528240,1986-09-05T00:00:00Z,664.81,660.59,0,30,634.81,30,25.78,NA,Unknown,Water level accuracy is unknown,1,Department of Water Resources,NA,1082,VENTURA COUNTY FLOOD CONTROL DISTRICT
2839,344458N1192917W001,1528239,1986-08-14T00:00:00Z,664.81,660.59,0,29,635.81,29,24.78,NA,Unknown,Water level accuracy is unknown,1,Department of Water Resources,NA,1082,VENTURA COUNTY FLOOD CONTROL DISTRICT
2839,344458N1192917W001,1528238,1986-07-31T00:00:00Z,664.81,660.59,0,28.4,636.41,28.4,24.18,NA,Unknown,Water level accuracy is unknown,1,Department of Water Resources,NA,1082,VENTURA COUNTY FLOOD CONTROL DISTRICT
2839,344458N1192917W001,1528237,1986-07-17T00:00:00Z,664.81,660.59,0,27.7,637.11,27.7,23.48,NA,Unknown,Water level accuracy is unknown,1,Department of Water Resources,NA,1082,VENTURA COUNTY FLOOD CONTROL DISTRICT
2839,344458N1192917W001,1528236,1986-07-03T00:00:00Z,664.81,660.59,0,26.2,638.61,26.2,21.98,NA,Unknown,Water level accuracy is unknown,1,Department of Water Resources,NA,1082,VENTURA COUNTY FLOOD CONTROL DISTRICT
2839,344458N1192917W001,1528235,1986-06-18T00:00:00Z,664.81,660.59,0,25,639.81,25,20.78,NA,Unknown,Water level accuracy is unknown,1,Department of Water Resources,NA,1082,VENTURA COUNTY FLOOD CONTROL DISTRICT
2839,344458N1192917W001,1528234,1986-05-22T00:00:00Z,664.81,660.59,0,25.8,639.01,25.8,21.58,NA,Unknown,Water level accuracy is unknown,1,Department of Water Resources,NA,1082,VENTURA COUNTY FLOOD CONTROL DISTRICT
2839,344458N1192917W001,1528233,1986-05-08T00:00:00Z,664.81,660.59,0,30.3,634.51,30.3,26.08,NA,Unknown,Water level accuracy is unknown,1,Department of Water Resources,NA,1082,VENTURA COUNTY FLOOD CONTROL DISTRICT
2839,344458N1192917W001,1528232,1986-04-24T00:00:00Z,664.81,660.59,0,28.5,636.31,28.5,24.28,NA,Unknown,Water level accuracy is unknown,1,Department of Water Resources,NA,1082,VENTURA COUNTY FLOOD CONTROL DISTRICT
2839,344458N1192917W001,1528231,1986-04-10T00:00:00Z,664.81,660.59,0,32,632.81,32,27.78,NA,Unknown,Water level accuracy is unknown,1,Department of Water Resources,NA,1082,VENTURA COUNTY FLOOD CONTROL DISTRICT
2839,344458N1192917W001,1528230,1986-02-11T00:00:00Z,664.81,660.59,0,41.6,623.21,41.6,37.38,NA,Unknown,Water level accuracy is unknown,1,Department of Water Resources,NA,1082,VENTURA COUNTY FLOOD CONTROL DISTRICT
2839,344458N1192917W001,1528229,1986-01-16T00:00:00Z,664.81,660.59,0,31.8,633.01,31.8,27.58,NA,Unknown,Water level accuracy is unknown,1,Department of Water Resources,NA,1082,VENTURA COUNTY FLOOD CONTROL DISTRICT
2839,344458N1192917W001,1528228,1986-01-02T00:00:00Z,664.81,660.59,0,33.4,631.41,33.4,29.18,NA,Unknown,Water level accuracy is unknown,1,Department of Water Resources,NA,1082,VENTURA COUNTY FLOOD CONTROL DISTRICT
2839,344458N1192917W001,1528227,1985-12-19T00:00:00Z,664.81,660.59,0,33,631.81,33,28.78,NA,Unknown,Water level accuracy is unknown,1,Department of Water Resources,NA,1082,VENTURA COUNTY FLOOD CONTROL DISTRICT
2839,344458N1192917W001,1528226,1985-12-05T00:00:00Z,664.81,660.59,0,38.1,626.71,38.1,33.88,NA,Unknown,Water level accuracy is unknown,1,Department of Water Resources,NA,1082,VENTURA COUNTY FLOOD CONTROL DISTRICT
2839,344458N1192917W001,1528225,1985-11-15T00:00:00Z,664.81,660.59,0,50.6,614.21,50.6,46.38,NA,Unknown,Water level accuracy is unknown,1,Department of Water Resources,NA,1082,VENTURA COUNTY FLOOD CONTROL DISTRICT
2839,344458N1192917W001,1528224,1985-10-31T00:00:00Z,664.81,660.59,0,51.8,613.01,51.8,47.58,NA,Unknown,Water level accuracy is unknown,1,Department of Water Resources,NA,1082,VENTURA COUNTY FLOOD CONTROL DISTRICT
2839,344458N1192917W001,1528223,1985-10-04T00:00:00Z,664.81,660.59,0,55.7,609.11,55.7,51.48,NA,Unknown,Water level accuracy is unknown,1,Department of Water Resources,NA,1082,VENTURA COUNTY FLOOD CONTROL DISTRICT
2839,344458N1192917W001,1528222,1985-09-06T00:00:00Z,664.81,660.59,0,56.9,607.91,56.9,52.68,NA,Unknown,Water level accuracy is unknown,1,Department of Water Resources,NA,1082,VENTURA COUNTY FLOOD CONTROL DISTRICT
2839,344458N1192917W001,1528221,1985-08-23T00:00:00Z,664.81,660.59,0,60.3,604.51,60.3,56.08,NA,Unknown,Water level accuracy is unknown,1,Department of Water Resources,NA,1082,VENTURA COUNTY FLOOD CONTROL DISTRICT
2839,344458N1192917W001,1528220,1985-07-26T00:00:00Z,664.81,660.59,0,67.9,596.91,67.9,63.68,NA,Unknown,Water level accuracy is unknown,1,Department of Water Resources,NA,1082,VENTURA COUNTY FLOOD CONTROL DISTRICT
2839,344458N1192917W001,1528219,1985-07-11T00:00:00Z,664.81,660.59,0,61.3,603.51,61.3,57.08,NA,Unknown,Water level accuracy is unknown,1,Department of Water Resources,NA,1082,VENTURA COUNTY FLOOD CONTROL DISTRICT
2839,344458N1192917W001,1528218,1985-06-14T00:00:00Z,664.81,660.59,0,42.3,622.51,42.3,38.08,NA,Unknown,Water level accuracy is unknown,1,Department of Water Resources,NA,1082,VENTURA COUNTY FLOOD CONTROL DISTRICT
2839,344458N1192917W001,1528217,1985-05-31T00:00:00Z,664.81,660.59,0,39.4,625.41,39.4,35.18,NA,Unknown,Water level accuracy is unknown,1,Department of Water Resources,NA,1082,VENTURA COUNTY FLOOD CONTROL DISTRICT
2839,344458N1192917W001,1528216,1985-05-17T00:00:00Z,664.81,660.59,0,37.4,627.41,37.4,33.18,NA,Unknown,Water level accuracy is unknown,1,Department of Water Resources,NA,1082,VENTURA COUNTY FLOOD CONTROL DISTRICT
2839,344458N1192917W001,1528215,1985-05-03T00:00:00Z,664.81,660.59,0,37.4,627.41,37.4,33.18,NA,Unknown,Water level accuracy is unknown,1,Department of Water Resources,NA,1082,VENTURA COUNTY FLOOD CONTROL DISTRICT
2839,344458N1192917W001,1528214,1985-04-19T00:00:00Z,664.81,660.59,0,31.2,633.61,31.2,26.98,NA,Unknown,Water level accuracy is unknown,1,Department of Water Resources,NA,1082,VENTURA COUNTY FLOOD CONTROL DISTRICT
2839,344458N1192917W001,1528213,1985-04-05T00:00:00Z,664.81,660.59,0,25.7,639.11,25.7,21.48,NA,Unknown,Water level accuracy is unknown,1,Department of Water Resources,NA,1082,VENTURA COUNTY FLOOD CONTROL DISTRICT
2839,344458N1192917W001,1528212,1985-03-22T00:00:00Z,664.81,660.59,0,24.4,640.41,24.4,20.18,NA,Unknown,Water level accuracy is unknown,1,Department of Water Resources,NA,1082,VENTURA COUNTY FLOOD CONTROL DISTRICT
2839,344458N1192917W001,1528211,1985-02-22T00:00:00Z,664.81,660.59,0,24,640.81,24,19.78,NA,Unknown,Water level accuracy is unknown,1,Department of Water Resources,NA,1082,VENTURA COUNTY FLOOD CONTROL DISTRICT
2839,344458N1192917W001,1528210,1985-02-08T00:00:00Z,664.81,660.59,0,22.2,642.61,22.2,17.98,NA,Unknown,Water level accuracy is unknown,1,Department of Water Resources,NA,1082,VENTURA COUNTY FLOOD CONTROL DISTRICT
2839,344458N1192917W001,1528209,1985-01-25T00:00:00Z,664.81,660.59,0,21,643.81,21,16.78,NA,Unknown,Water level accuracy is unknown,1,Department of Water Resources,NA,1082,VENTURA COUNTY FLOOD CONTROL DISTRICT
2839,344458N1192917W001,1528208,1985-01-11T00:00:00Z,664.81,660.59,0,19,645.81,19,14.78,NA,Unknown,Water level accuracy is unknown,1,Department of Water Resources,NA,1082,VENTURA COUNTY FLOOD CONTROL DISTRICT
2839,344458N1192917W001,1528207,1984-12-27T00:00:00Z,664.81,660.59,0,23.3,641.51,23.3,19.08,NA,Unknown,Water level accuracy is unknown,1,Department of Water Resources,NA,1082,VENTURA COUNTY FLOOD CONTROL DISTRICT
2839,344458N1192917W001,1528206,1984-11-21T00:00:00Z,664.81,660.59,0,44.2,620.61,44.2,39.98,NA,Unknown,Water level accuracy is unknown,1,Department of Water Resources,NA,1082,VENTURA COUNTY FLOOD CONTROL DISTRICT
2839,344458N1192917W001,1528205,1984-11-07T00:00:00Z,664.81,660.59,0,58.8,606.01,58.8,54.58,NA,Unknown,Water level accuracy is unknown,1,Department of Water Resources,NA,1082,VENTURA COUNTY FLOOD CONTROL DISTRICT
2839,344458N1192917W001,1528204,1984-10-25T00:00:00Z,664.81,660.59,0,60.5,604.31,60.5,56.28,NA,Unknown,Water level accuracy is unknown,1,Department of Water Resources,NA,1082,VENTURA COUNTY FLOOD CONTROL DISTRICT
2839,344458N1192917W001,1528203,1984-10-10T00:00:00Z,664.81,660.59,0,61.1,603.71,61.1,56.88,NA,Unknown,Water level accuracy is unknown,1,Department of Water Resources,NA,1082,VENTURA COUNTY FLOOD CONTROL DISTRICT
2839,344458N1192917W001,1528202,1984-09-19T00:00:00Z,664.81,660.59,0,61.7,603.11,61.7,57.48,NA,Unknown,Water level accuracy is unknown,1,Department of Water Resources,NA,1082,VENTURA COUNTY FLOOD CONTROL DISTRICT
2839,344458N1192917W001,1528201,1984-09-05T00:00:00Z,664.81,660.59,0,62,602.81,62,57.78,NA,Unknown,Water level accuracy is unknown,1,Department of Water Resources,NA,1082,VENTURA COUNTY FLOOD CONTROL DISTRICT
2839,344458N1192917W001,1528200,1984-08-22T00:00:00Z,664.81,660.59,0,57.8,607.01,57.8,53.58,NA,Unknown,Water level accuracy is unknown,1,Department of Water Resources,NA,1082,VENTURA COUNTY FLOOD CONTROL DISTRICT
2839,344458N1192917W001,1528199,1984-08-07T00:00:00Z,664.81,660.59,0,54.6,610.21,54.6,50.38,NA,Unknown,Water level accuracy is unknown,1,Department of Water Resources,NA,1082,VENTURA COUNTY FLOOD CONTROL DISTRICT
2839,344458N1192917W001,1528198,1984-07-24T00:00:00Z,664.81,660.59,0,44.6,620.21,44.6,40.38,NA,Unknown,Water level accuracy is unknown,1,Department of Water Resources,NA,1082,VENTURA COUNTY FLOOD CONTROL DISTRICT
2839,344458N1192917W001,1528197,1984-07-18T00:00:00Z,664.81,660.59,NA,NA,NA,NA,NA,Pumping,NA,NA,1,Department of Water Resources,NA,1082,VENTURA COUNTY FLOOD CONTROL DISTRICT
2839,344458N1192917W001,1528196,1984-07-13T00:00:00Z,664.81,660.59,0,39.8,625.01,39.8,35.58,NA,Unknown,Water level accuracy is unknown,1,Department of Water Resources,NA,1082,VENTURA COUNTY FLOOD CONTROL DISTRICT
2839,344458N1192917W001,1528195,1984-05-30T00:00:00Z,664.81,660.59,0,41.4,623.41,41.4,37.18,NA,Unknown,Water level accuracy is unknown,1,Department of Water Resources,NA,1082,VENTURA COUNTY FLOOD CONTROL DISTRICT
2839,344458N1192917W001,1528194,1984-04-09T00:00:00Z,664.81,660.59,0,28,636.81,28,23.78,NA,Unknown,Water level accuracy is unknown,1,Department of Water Resources,NA,1082,VENTURA COUNTY FLOOD CONTROL DISTRICT
2839,344458N1192917W001,1528193,1984-02-14T00:00:00Z,664.81,660.59,0,23,641.81,23,18.78,NA,Unknown,Water level accuracy is unknown,1,Department of Water Resources,NA,1082,VENTURA COUNTY FLOOD CONTROL DISTRICT
2839,344458N1192917W001,1528192,1983-11-29T00:00:00Z,664.81,660.59,0,20.7,644.11,20.7,16.48,NA,Unknown,Water level accuracy is unknown,1,Department of Water Resources,NA,1082,VENTURA COUNTY FLOOD CONTROL DISTRICT
2839,344458N1192917W001,1528191,1983-09-27T00:00:00Z,664.81,660.59,0,23.8,641.01,23.8,19.58,NA,Unknown,Water level accuracy is unknown,1,Department of Water Resources,NA,1082,VENTURA COUNTY FLOOD CONTROL DISTRICT
2839,344458N1192917W001,1528190,1983-08-09T00:00:00Z,664.81,660.59,0,21.4,643.41,21.4,17.18,NA,Unknown,Water level accuracy is unknown,1,Department of Water Resources,NA,1082,VENTURA COUNTY FLOOD CONTROL DISTRICT
2839,344458N1192917W001,1528189,1983-05-31T00:00:00Z,664.81,660.59,0,10,654.81,10,5.78,NA,Unknown,Water level accuracy is unknown,1,Department of Water Resources,NA,1082,VENTURA COUNTY FLOOD CONTROL DISTRICT
2839,344458N1192917W001,1528188,1983-03-31T00:00:00Z,664.81,660.59,0,9,655.81,9,4.78,NA,Unknown,Water level accuracy is unknown,1,Department of Water Resources,NA,1082,VENTURA COUNTY FLOOD CONTROL DISTRICT
2839,344458N1192917W001,1528187,1983-02-09T00:00:00Z,664.81,660.59,0,13.6,651.21,13.6,9.38,NA,Unknown,Water level accuracy is unknown,1,Department of Water Resources,NA,1082,VENTURA COUNTY FLOOD CONTROL DISTRICT
2839,344458N1192917W001,1528186,1982-11-29T00:00:00Z,664.81,660.59,0,49,615.81,49,44.78,NA,Unknown,Water level accuracy is unknown,1,Department of Water Resources,NA,1082,VENTURA COUNTY FLOOD CONTROL DISTRICT
2839,344458N1192917W001,1528185,1982-09-28T00:00:00Z,664.81,660.59,0,60,604.81,60,55.78,NA,Unknown,Water level accuracy is unknown,1,Department of Water Resources,NA,1082,VENTURA COUNTY FLOOD CONTROL DISTRICT
2839,344458N1192917W001,1528184,1982-07-27T00:00:00Z,664.81,660.59,0,42.9,621.91,42.9,38.68,NA,Unknown,Water level accuracy is unknown,1,Department of Water Resources,NA,1082,VENTURA COUNTY FLOOD CONTROL DISTRICT
2839,344458N1192917W001,1528183,1982-06-03T00:00:00Z,664.81,660.59,0,28.2,636.61,28.2,23.98,NA,Unknown,Water level accuracy is unknown,1,Department of Water Resources,NA,1082,VENTURA COUNTY FLOOD CONTROL DISTRICT
2839,344458N1192917W001,1528182,1982-04-06T00:00:00Z,664.81,660.59,0,24,640.81,24,19.78,NA,Unknown,Water level accuracy is unknown,1,Department of Water Resources,NA,1082,VENTURA COUNTY FLOOD CONTROL DISTRICT
2839,344458N1192917W001,1528181,1982-01-25T00:00:00Z,664.81,660.59,0,30.6,634.21,30.6,26.38,NA,Unknown,Water level accuracy is unknown,1,Department of Water Resources,NA,1082,VENTURA COUNTY FLOOD CONTROL DISTRICT
2839,344458N1192917W001,1528180,1981-12-03T00:00:00Z,664.81,660.59,0,51.8,613.01,51.8,47.58,NA,Unknown,Water level accuracy is unknown,1,Department of Water Resources,NA,1082,VENTURA COUNTY FLOOD CONTROL DISTRICT
2839,344458N1192917W001,1528179,1981-09-21T00:00:00Z,664.81,660.59,0,65,599.81,65,60.78,NA,Unknown,Water level accuracy is unknown,1,Department of Water Resources,NA,1082,VENTURA COUNTY FLOOD CONTROL DISTRICT
2839,344458N1192917W001,1528178,1981-07-22T00:00:00Z,664.81,660.59,0,56.1,608.71,56.1,51.88,NA,Unknown,Water level accuracy is unknown,1,Department of Water Resources,NA,1082,VENTURA COUNTY FLOOD CONTROL DISTRICT
2839,344458N1192917W001,1528177,1981-06-02T00:00:00Z,664.81,660.59,0,31.8,633.01,31.8,27.58,NA,Unknown,Water level accuracy is unknown,1,Department of Water Resources,NA,1082,VENTURA COUNTY FLOOD CONTROL DISTRICT
2839,344458N1192917W001,1528176,1981-03-24T00:00:00Z,664.81,660.59,0,28.6,636.21,28.6,24.38,NA,Unknown,Water level accuracy is unknown,1,Department of Water Resources,NA,1082,VENTURA COUNTY FLOOD CONTROL DISTRICT
2839,344458N1192917W001,1528175,1981-02-04T00:00:00Z,664.81,660.59,0,26.7,638.11,26.7,22.48,NA,Unknown,Water level accuracy is unknown,1,Department of Water Resources,NA,1082,VENTURA COUNTY FLOOD CONTROL DISTRICT
2839,344458N1192917W001,1528174,1980-12-08T00:00:00Z,664.81,660.59,0,33.4,631.41,33.4,29.18,NA,Unknown,Water level accuracy is unknown,1,Department of Water Resources,NA,1082,VENTURA COUNTY FLOOD CONTROL DISTRICT
2839,344458N1192917W001,1528173,1980-09-29T00:00:00Z,664.81,660.59,0,32.2,632.61,32.2,27.98,NA,Unknown,Water level accuracy is unknown,1,Department of Water Resources,NA,1082,VENTURA COUNTY FLOOD CONTROL DISTRICT
2839,344458N1192917W001,1528172,1980-07-22T00:00:00Z,664.81,660.59,0,18.8,646.01,18.8,14.58,NA,Unknown,Water level accuracy is unknown,1,Department of Water Resources,NA,1082,VENTURA COUNTY FLOOD CONTROL DISTRICT
2839,344458N1192917W001,1528171,1980-06-05T00:00:00Z,664.81,660.59,0,14.4,650.41,14.4,10.18,NA,Unknown,Water level accuracy is unknown,1,Department of Water Resources,NA,1082,VENTURA COUNTY FLOOD CONTROL DISTRICT
2839,344458N1192917W001,1528170,1980-03-31T00:00:00Z,664.81,660.59,0,10,654.81,10,5.78,NA,Unknown,Water level accuracy is unknown,1,Department of Water Resources,NA,1082,VENTURA COUNTY FLOOD CONTROL DISTRICT
2839,344458N1192917W001,1528169,1980-02-06T00:00:00Z,664.81,660.59,0,27.5,637.31,27.5,23.28,NA,Unknown,Water level accuracy is unknown,1,Department of Water Resources,NA,1082,VENTURA COUNTY FLOOD CONTROL DISTRICT
2839,344458N1192917W001,1528168,1979-11-20T00:00:00Z,664.81,660.59,0,37.6,627.21,37.6,33.38,NA,Unknown,Water level accuracy is unknown,1,Department of Water Resources,NA,1082,VENTURA COUNTY FLOOD CONTROL DISTRICT
2839,344458N1192917W001,1528167,1979-10-02T00:00:00Z,664.81,660.59,0,42.7,622.11,42.7,38.48,NA,Unknown,Water level accuracy is unknown,1,Department of Water Resources,NA,1082,VENTURA COUNTY FLOOD CONTROL DISTRICT
2839,344458N1192917W001,1528166,1979-08-06T00:00:00Z,664.81,660.59,0,32.1,632.71,32.1,27.88,NA,Unknown,Water level accuracy is unknown,1,Department of Water Resources,NA,1082,VENTURA COUNTY FLOOD CONTROL DISTRICT
2839,344458N1192917W001,1528165,1979-06-05T00:00:00Z,664.81,660.59,0,23.1,641.71,23.1,18.88,NA,Unknown,Water level accuracy is unknown,1,Department of Water Resources,NA,1082,VENTURA COUNTY FLOOD CONTROL DISTRICT
2839,344458N1192917W001,1528164,1979-04-10T00:00:00Z,664.81,660.59,0,16.7,648.11,16.7,12.48,NA,Unknown,Water level accuracy is unknown,1,Department of Water Resources,NA,1082,VENTURA COUNTY FLOOD CONTROL DISTRICT
2839,344458N1192917W001,1528163,1979-02-07T00:00:00Z,664.81,660.59,0,27.3,637.51,27.3,23.08,NA,Unknown,Water level accuracy is unknown,1,Department of Water Resources,NA,1082,VENTURA COUNTY FLOOD CONTROL DISTRICT
2839,344458N1192917W001,1528162,1978-11-28T00:00:00Z,664.81,660.59,0,33.8,631.01,33.8,29.58,NA,Unknown,Water level accuracy is unknown,1,Department of Water Resources,NA,1082,VENTURA COUNTY FLOOD CONTROL DISTRICT
2839,344458N1192917W001,1528161,1978-09-26T00:00:00Z,664.81,660.59,0,28.9,635.91,28.9,24.68,NA,Unknown,Water level accuracy is unknown,1,Department of Water Resources,NA,1082,VENTURA COUNTY FLOOD CONTROL DISTRICT
2839,344458N1192917W001,1528160,1978-08-07T00:00:00Z,664.81,660.59,0,27.8,637.01,27.8,23.58,NA,Unknown,Water level accuracy is unknown,1,Department of Water Resources,NA,1082,VENTURA COUNTY FLOOD CONTROL DISTRICT
2839,344458N1192917W001,1528159,1978-05-25T00:00:00Z,664.81,660.59,0,11.3,653.51,11.3,7.08,NA,Unknown,Water level accuracy is unknown,1,Department of Water Resources,NA,1082,VENTURA COUNTY FLOOD CONTROL DISTRICT
2839,344458N1192917W001,1528158,1978-04-17T00:00:00Z,664.81,660.59,0,7,657.81,7,2.78,NA,Unknown,Water level accuracy is unknown,1,Department of Water Resources,NA,1082,VENTURA COUNTY FLOOD CONTROL DISTRICT
2839,344458N1192917W001,1528157,1978-02-23T00:00:00Z,664.81,660.59,0,10.4,654.41,10.4,6.18,NA,Unknown,Water level accuracy is unknown,1,Department of Water Resources,NA,1082,VENTURA COUNTY FLOOD CONTROL DISTRICT
2839,344458N1192917W001,1528156,1977-12-16T00:00:00Z,664.81,660.59,0,80.8,584.01,80.8,76.58,Nearby pump operating,Unknown,Water level accuracy is unknown,1,Department of Water Resources,NA,1082,VENTURA COUNTY FLOOD CONTROL DISTRICT
2839,344458N1192917W001,1528155,1977-09-26T00:00:00Z,664.81,660.59,0,80.5,584.31,80.5,76.28,Nearby pump operating,Unknown,Water level accuracy is unknown,1,Department of Water Resources,NA,1082,VENTURA COUNTY FLOOD CONTROL DISTRICT
2839,344458N1192917W001,1528154,1977-07-28T00:00:00Z,664.81,660.59,0,47.3,617.51,47.3,43.08,NA,Unknown,Water level accuracy is unknown,1,Department of Water Resources,NA,1082,VENTURA COUNTY FLOOD CONTROL DISTRICT
2839,344458N1192917W001,1528153,1977-05-25T00:00:00Z,664.81,660.59,0,37,627.81,37,32.78,NA,Unknown,Water level accuracy is unknown,1,Department of Water Resources,NA,1082,VENTURA COUNTY FLOOD CONTROL DISTRICT
2839,344458N1192917W001,1528152,1977-03-29T00:00:00Z,664.81,660.59,0,36.2,628.61,36.2,31.98,NA,Unknown,Water level accuracy is unknown,1,Department of Water Resources,NA,1082,VENTURA COUNTY FLOOD CONTROL DISTRICT
2839,344458N1192917W001,1528151,1977-01-25T00:00:00Z,664.81,660.59,0,29.8,635.01,29.8,25.58,NA,Unknown,Water level accuracy is unknown,1,Department of Water Resources,NA,1082,VENTURA COUNTY FLOOD CONTROL DISTRICT
2839,344458N1192917W001,1528150,1976-12-07T00:00:00Z,664.81,660.59,0,42,622.81,42,37.78,NA,Unknown,Water level accuracy is unknown,1,Department of Water Resources,NA,1082,VENTURA COUNTY FLOOD CONTROL DISTRICT
2839,344458N1192917W001,1528149,1976-10-13T00:00:00Z,664.81,660.59,0,44.9,619.91,44.9,40.68,NA,Unknown,Water level accuracy is unknown,1,Department of Water Resources,NA,1082,VENTURA COUNTY FLOOD CONTROL DISTRICT
2839,344458N1192917W001,1528148,1976-08-04T00:00:00Z,664.81,660.59,NA,NA,NA,NA,NA,Pumping,NA,NA,1,Department of Water Resources,NA,1082,VENTURA COUNTY FLOOD CONTROL DISTRICT
2839,344458N1192917W001,1528147,1976-05-20T00:00:00Z,664.81,660.59,0,36.8,628.01,36.8,32.58,NA,Unknown,Water level accuracy is unknown,1,Department of Water Resources,NA,1082,VENTURA COUNTY FLOOD CONTROL DISTRICT
2839,344458N1192917W001,1528146,1976-03-30T00:00:00Z,664.81,660.59,0,25.6,639.21,25.6,21.38,NA,Unknown,Water level accuracy is unknown,1,Department of Water Resources,NA,1082,VENTURA COUNTY FLOOD CONTROL DISTRICT
2839,344458N1192917W001,1528145,1976-01-20T00:00:00Z,664.81,660.59,0,52,612.81,52,47.78,NA,Unknown,Water level accuracy is unknown,1,Department of Water Resources,NA,1082,VENTURA COUNTY FLOOD CONTROL DISTRICT
2839,344458N1192917W001,1528144,1975-12-02T00:00:00Z,664.81,660.59,0,56.8,608.01,56.8,52.58,NA,Unknown,Water level accuracy is unknown,1,Department of Water Resources,NA,1082,VENTURA COUNTY FLOOD CONTROL DISTRICT
2839,344458N1192917W001,1528143,1975-09-29T00:00:00Z,664.81,660.59,0,55.2,609.61,55.2,50.98,NA,Unknown,Water level accuracy is unknown,1,Department of Water Resources,NA,1082,VENTURA COUNTY FLOOD CONTROL DISTRICT
2839,344458N1192917W001,1528142,1975-07-31T00:00:00Z,664.81,660.59,0,34.6,630.21,34.6,30.38,NA,Unknown,Water level accuracy is unknown,1,Department of Water Resources,NA,1082,VENTURA COUNTY FLOOD CONTROL DISTRICT
2839,344458N1192917W001,1528141,1975-06-11T00:00:00Z,664.81,660.59,0,18,646.81,18,13.78,NA,Unknown,Water level accuracy is unknown,1,Department of Water Resources,NA,1082,VENTURA COUNTY FLOOD CONTROL DISTRICT
2839,344458N1192917W001,1528140,1975-03-27T00:00:00Z,664.81,660.59,0,22.3,642.51,22.3,18.08,NA,Unknown,Water level accuracy is unknown,1,Department of Water Resources,NA,1082,VENTURA COUNTY FLOOD CONTROL DISTRICT
2839,344458N1192917W001,1528139,1975-01-22T00:00:00Z,664.81,660.59,0,27.2,637.61,27.2,22.98,NA,Unknown,Water level accuracy is unknown,1,Department of Water Resources,NA,1082,VENTURA COUNTY FLOOD CONTROL DISTRICT
2839,344458N1192917W001,1528138,1974-12-11T00:00:00Z,664.81,660.59,0,51.6,613.21,51.6,47.38,NA,Unknown,Water level accuracy is unknown,1,Department of Water Resources,NA,1082,VENTURA COUNTY FLOOD CONTROL DISTRICT
2839,344458N1192917W001,1528137,1974-09-26T00:00:00Z,664.81,660.59,0,59.9,604.91,59.9,55.68,NA,Unknown,Water level accuracy is unknown,1,Department of Water Resources,NA,1082,VENTURA COUNTY FLOOD CONTROL DISTRICT
2839,344458N1192917W001,1528136,1974-08-14T00:00:00Z,664.81,660.59,0,50.5,614.31,50.5,46.28,NA,Unknown,Water level accuracy is unknown,1,Department of Water Resources,NA,1082,VENTURA COUNTY FLOOD CONTROL DISTRICT
2839,344458N1192917W001,1528135,1974-06-05T00:00:00Z,664.81,660.59,0,27,637.81,27,22.78,NA,Unknown,Water level accuracy is unknown,1,Department of Water Resources,NA,1082,VENTURA COUNTY FLOOD CONTROL DISTRICT
2839,344458N1192917W001,1528134,1974-04-03T00:00:00Z,664.81,660.59,0,25,639.81,25,20.78,NA,Unknown,Water level accuracy is unknown,1,Department of Water Resources,NA,1082,VENTURA COUNTY FLOOD CONTROL DISTRICT
2839,344458N1192917W001,1528133,1974-01-31T00:00:00Z,664.81,660.59,0,24.4,640.41,24.4,20.18,NA,Unknown,Water level accuracy is unknown,1,Department of Water Resources,NA,1082,VENTURA COUNTY FLOOD CONTROL DISTRICT
2839,344458N1192917W001,1528132,1973-12-04T00:00:00Z,664.81,660.59,0,34.6,630.21,34.6,30.38,NA,Unknown,Water level accuracy is unknown,1,Department of Water Resources,NA,1082,VENTURA COUNTY FLOOD CONTROL DISTRICT
2839,344458N1192917W001,1528131,1973-09-26T00:00:00Z,664.81,660.59,0,39.1,625.71,39.1,34.88,NA,Unknown,Water level accuracy is unknown,1,Department of Water Resources,NA,1082,VENTURA COUNTY FLOOD CONTROL DISTRICT
2839,344458N1192917W001,1528130,1973-08-02T00:00:00Z,664.81,660.59,0,27.4,637.41,27.4,23.18,NA,Unknown,Water level accuracy is unknown,1,Department of Water Resources,NA,1082,VENTURA COUNTY FLOOD CONTROL DISTRICT
2839,344458N1192917W001,1528129,1973-04-11T00:00:00Z,664.81,660.59,0,22.9,641.91,22.9,18.68,NA,Unknown,Water level accuracy is unknown,1,Department of Water Resources,NA,1082,VENTURA COUNTY FLOOD CONTROL DISTRICT
2839,344458N1192917W001,1528128,1973-02-21T00:00:00Z,664.81,660.59,0,14.1,650.71,14.1,9.88,NA,Unknown,Water level accuracy is unknown,1,Department of Water Resources,NA,1082,VENTURA COUNTY FLOOD CONTROL DISTRICT
2839,344458N1192917W001,1528127,1972-12-06T00:00:00Z,664.81,660.59,0,49.4,615.41,49.4,45.18,NA,Unknown,Water level accuracy is unknown,1,Department of Water Resources,NA,1082,VENTURA COUNTY FLOOD CONTROL DISTRICT
2839,344458N1192917W001,1528126,1972-10-04T00:00:00Z,664.81,660.59,0,62.1,602.71,62.1,57.88,NA,Unknown,Water level accuracy is unknown,1,Department of Water Resources,NA,1082,VENTURA COUNTY FLOOD CONTROL DISTRICT
2839,344458N1192917W001,1528125,1972-09-06T00:00:00Z,664.81,660.59,0,74.8,590.01,74.8,70.58,NA,Unknown,Water level accuracy is unknown,1,Department of Water Resources,NA,1082,VENTURA COUNTY FLOOD CONTROL DISTRICT
2839,344458N1192917W001,1528124,1972-05-31T00:00:00Z,664.81,660.59,0,54.8,610.01,54.8,50.58,NA,Unknown,Water level accuracy is unknown,1,Department of Water Resources,NA,1082,VENTURA COUNTY FLOOD CONTROL DISTRICT
2839,344458N1192917W001,1528123,1972-03-21T00:00:00Z,664.81,660.59,0,42,622.81,42,37.78,NA,Unknown,Water level accuracy is unknown,1,Department of Water Resources,NA,1082,VENTURA COUNTY FLOOD CONTROL DISTRICT
2839,344458N1192917W001,1528122,1972-02-02T00:00:00Z,664.81,660.59,0,34.9,629.91,34.9,30.68,NA,Unknown,Water level accuracy is unknown,1,Department of Water Resources,NA,1082,VENTURA COUNTY FLOOD CONTROL DISTRICT
2839,344458N1192917W001,1528121,1971-12-01T00:00:00Z,664.81,660.59,0,53.8,611.01,53.8,49.58,NA,Unknown,Water level accuracy is unknown,1,Department of Water Resources,NA,1082,VENTURA COUNTY FLOOD CONTROL DISTRICT
2839,344458N1192917W001,1528120,1971-07-28T00:00:00Z,664.81,660.59,0,45.8,619.01,45.8,41.58,NA,Unknown,Water level accuracy is unknown,1,Department of Water Resources,NA,1082,VENTURA COUNTY FLOOD CONTROL DISTRICT
2839,344458N1192917W001,1528119,1971-06-03T00:00:00Z,664.81,660.59,0,43.5,621.31,43.5,39.28,NA,Unknown,Water level accuracy is unknown,1,Department of Water Resources,NA,1082,VENTURA COUNTY FLOOD CONTROL DISTRICT
2839,344458N1192917W001,1528118,1971-03-24T00:00:00Z,664.81,660.59,0,40.69,624.12,40.69,36.47,NA,Unknown,Water level accuracy is unknown,1,Department of Water Resources,NA,1082,VENTURA COUNTY FLOOD CONTROL DISTRICT
2839,344458N1192917W001,1528117,1971-01-26T00:00:00Z,664.81,660.59,0,30.59,634.22,30.59,26.37,NA,Unknown,Water level accuracy is unknown,1,Department of Water Resources,NA,1082,VENTURA COUNTY FLOOD CONTROL DISTRICT
2839,344458N1192917W001,1528116,1970-12-09T00:00:00Z,664.81,660.59,0,45,619.81,45,40.78,NA,Unknown,Water level accuracy is unknown,1,Department of Water Resources,NA,1082,VENTURA COUNTY FLOOD CONTROL DISTRICT
2839,344458N1192917W001,1528115,1970-10-05T00:00:00Z,664.81,660.59,0,66.5,598.31,66.5,62.28,NA,Unknown,Water level accuracy is unknown,1,Department of Water Resources,NA,1082,VENTURA COUNTY FLOOD CONTROL DISTRICT
2839,344458N1192917W001,1528114,1970-07-28T00:00:00Z,664.81,660.59,0,43.9,620.91,43.9,39.68,NA,Unknown,Water level accuracy is unknown,1,Department of Water Resources,NA,1082,VENTURA COUNTY FLOOD CONTROL DISTRICT
2839,344458N1192917W001,1528113,1970-05-27T00:00:00Z,664.81,660.59,0,26,638.81,26,21.78,NA,Unknown,Water level accuracy is unknown,1,Department of Water Resources,NA,1082,VENTURA COUNTY FLOOD CONTROL DISTRICT
2839,344458N1192917W001,1528112,1969-11-25T00:00:00Z,664.81,660.59,0,41.59,623.22,41.59,37.37,NA,Unknown,Water level accuracy is unknown,1,Department of Water Resources,NA,1082,VENTURA COUNTY FLOOD CONTROL DISTRICT
2839,344458N1192917W001,1528111,1969-10-02T00:00:00Z,664.81,660.59,0,36.3,628.51,36.3,32.08,NA,Unknown,Water level accuracy is unknown,1,Department of Water Resources,NA,1082,VENTURA COUNTY FLOOD CONTROL DISTRICT
2839,344458N1192917W001,1528110,1969-08-01T00:00:00Z,664.81,660.59,0,25.09,639.72,25.09,20.87,NA,Unknown,Water level accuracy is unknown,1,Department of Water Resources,NA,1082,VENTURA COUNTY FLOOD CONTROL DISTRICT
2839,344458N1192917W001,1528109,1969-02-11T00:00:00Z,664.81,660.59,0,8.69,656.12,8.69,4.47,NA,Unknown,Water level accuracy is unknown,1,Department of Water Resources,NA,1082,VENTURA COUNTY FLOOD CONTROL DISTRICT
2839,344458N1192917W001,1528108,1968-12-09T00:00:00Z,664.81,660.59,0,52.5,612.31,52.5,48.28,NA,Unknown,Water level accuracy is unknown,1,Department of Water Resources,NA,1082,VENTURA COUNTY FLOOD CONTROL DISTRICT
2839,344458N1192917W001,1528107,1968-08-14T00:00:00Z,664.81,660.59,0,59,605.81,59,54.78,NA,Unknown,Water level accuracy is unknown,1,Department of Water Resources,NA,1082,VENTURA COUNTY FLOOD CONTROL DISTRICT
2839,344458N1192917W001,1528106,1968-05-13T00:00:00Z,664.81,660.59,0,42,622.81,42,37.78,NA,Unknown,Water level accuracy is unknown,1,Department of Water Resources,NA,1082,VENTURA COUNTY FLOOD CONTROL DISTRICT
2839,344458N1192917W001,1528105,1968-02-26T00:00:00Z,664.81,660.59,0,41,623.81,41,36.78,NA,Unknown,Water level accuracy is unknown,1,Department of Water Resources,NA,1082,VENTURA COUNTY FLOOD CONTROL DISTRICT
2839,344458N1192917W001,1528104,1967-11-08T00:00:00Z,664.81,660.59,0,42.09,622.72,42.09,37.87,NA,Unknown,Water level accuracy is unknown,1,Department of Water Resources,NA,1082,VENTURA COUNTY FLOOD CONTROL DISTRICT
2839,344458N1192917W001,1528103,1967-07-11T00:00:00Z,664.81,660.59,0,23.69,641.12,23.69,19.47,NA,Unknown,Water level accuracy is unknown,1,Department of Water Resources,NA,1082,VENTURA COUNTY FLOOD CONTROL DISTRICT
2839,344458N1192917W001,1528102,1967-04-07T00:00:00Z,664.81,660.59,0,23.59,641.22,23.59,19.37,NA,Unknown,Water level accuracy is unknown,1,Department of Water Resources,NA,1082,VENTURA COUNTY FLOOD CONTROL DISTRICT
2839,344458N1192917W001,1528101,1967-03-10T00:00:00Z,664.81,660.59,0,24.09,640.72,24.09,19.87,NA,Unknown,Water level accuracy is unknown,1,Department of Water Resources,NA,1082,VENTURA COUNTY FLOOD CONTROL DISTRICT
2839,344458N1192917W001,1528100,1967-02-01T00:00:00Z,664.81,660.59,0,24.5,640.31,24.5,20.28,NA,Unknown,Water level accuracy is unknown,1,Department of Water Resources,NA,1082,VENTURA COUNTY FLOOD CONTROL DISTRICT
2839,344458N1192917W001,1528099,1966-12-20T00:00:00Z,664.81,660.59,0,23.09,641.72,23.09,18.87,NA,Unknown,Water level accuracy is unknown,1,Department of Water Resources,NA,1082,VENTURA COUNTY FLOOD CONTROL DISTRICT
2839,344458N1192917W001,1528098,1966-11-16T00:00:00Z,664.81,660.59,0,53,611.81,53,48.78,NA,Unknown,Water level accuracy is unknown,1,Department of Water Resources,NA,1082,VENTURA COUNTY FLOOD CONTROL DISTRICT
2839,344458N1192917W001,1528097,1966-07-07T00:00:00Z,664.81,660.59,0,58.59,606.22,58.59,54.37,NA,Unknown,Water level accuracy is unknown,1,Department of Water Resources,NA,1082,VENTURA COUNTY FLOOD CONTROL DISTRICT
2839,344458N1192917W001,1528096,1966-06-22T00:00:00Z,664.81,660.59,0,28.59,636.22,28.59,24.37,NA,Unknown,Water level accuracy is unknown,1,Department of Water Resources,NA,1082,VENTURA COUNTY FLOOD CONTROL DISTRICT
2839,344458N1192917W001,1528095,1966-06-09T00:00:00Z,664.81,660.59,0,24.4,640.41,24.4,20.18,NA,Unknown,Water level accuracy is unknown,1,Department of Water Resources,NA,1082,VENTURA COUNTY FLOOD CONTROL DISTRICT
2839,344458N1192917W001,1528094,1966-04-22T00:00:00Z,664.81,660.59,0,22.19,642.62,22.19,17.97,NA,Unknown,Water level accuracy is unknown,1,Department of Water Resources,NA,1082,VENTURA COUNTY FLOOD CONTROL DISTRICT
2839,344458N1192917W001,1528093,1966-02-24T00:00:00Z,664.81,660.59,0,21,643.81,21,16.78,NA,Unknown,Water level accuracy is unknown,1,Department of Water Resources,NA,1082,VENTURA COUNTY FLOOD CONTROL DISTRICT
2839,344458N1192917W001,1528092,1966-01-28T00:00:00Z,664.81,660.59,0,22.8,642.01,22.8,18.58,NA,Unknown,Water level accuracy is unknown,1,Department of Water Resources,NA,1082,VENTURA COUNTY FLOOD CONTROL DISTRICT
2839,344458N1192917W001,1528091,1966-01-17T00:00:00Z,664.81,660.59,0,18.5,646.31,18.5,14.28,NA,Unknown,Water level accuracy is unknown,1,Department of Water Resources,NA,1082,VENTURA COUNTY FLOOD CONTROL DISTRICT
2839,344458N1192917W001,1528090,1965-12-10T00:00:00Z,664.81,660.59,0,32.4,632.41,32.4,28.18,NA,Unknown,Water level accuracy is unknown,1,Department of Water Resources,NA,1082,VENTURA COUNTY FLOOD CONTROL DISTRICT
2839,344458N1192917W001,1528089,1965-10-26T00:00:00Z,664.81,660.59,0,69.69,595.12,69.69,65.47,NA,Unknown,Water level accuracy is unknown,1,Department of Water Resources,NA,1082,VENTURA COUNTY FLOOD CONTROL DISTRICT
2839,344458N1192917W001,1528088,1965-07-29T00:00:00Z,664.81,660.59,0,57,607.81,57,52.78,NA,Unknown,Water level accuracy is unknown,1,Department of Water Resources,NA,1082,VENTURA COUNTY FLOOD CONTROL DISTRICT
2839,344458N1192917W001,1528087,1965-06-25T00:00:00Z,664.81,660.59,0,48,616.81,48,43.78,NA,Unknown,Water level accuracy is unknown,1,Department of Water Resources,NA,1082,VENTURA COUNTY FLOOD CONTROL DISTRICT
2839,344458N1192917W001,1528086,1965-05-13T00:00:00Z,664.81,660.59,0,40.9,623.91,40.9,36.68,NA,Unknown,Water level accuracy is unknown,1,Department of Water Resources,NA,1082,VENTURA COUNTY FLOOD CONTROL DISTRICT
2839,344458N1192917W001,1528085,1965-04-14T00:00:00Z,664.81,660.59,0,37.19,627.62,37.19,32.97,NA,Unknown,Water level accuracy is unknown,1,Department of Water Resources,NA,1082,VENTURA COUNTY FLOOD CONTROL DISTRICT
2839,344458N1192917W001,1528084,1965-03-26T00:00:00Z,664.81,660.59,0,41.9,622.91,41.9,37.68,NA,Unknown,Water level accuracy is unknown,1,Department of Water Resources,NA,1082,VENTURA COUNTY FLOOD CONTROL DISTRICT
2839,344458N1192917W001,1528083,1965-03-03T00:00:00Z,664.81,660.59,0,37.4,627.41,37.4,33.18,NA,Unknown,Water level accuracy is unknown,1,Department of Water Resources,NA,1082,VENTURA COUNTY FLOOD CONTROL DISTRICT
2839,344458N1192917W001,1528082,1965-01-26T00:00:00Z,664.81,660.59,0,33,631.81,33,28.78,NA,Unknown,Water level accuracy is unknown,1,Department of Water Resources,NA,1082,VENTURA COUNTY FLOOD CONTROL DISTRICT
2839,344458N1192917W001,1528081,1964-12-29T00:00:00Z,664.81,660.59,0,51.09,613.72,51.09,46.87,NA,Unknown,Water level accuracy is unknown,1,Department of Water Resources,NA,1082,VENTURA COUNTY FLOOD CONTROL DISTRICT
2839,344458N1192917W001,1528080,1964-05-27T00:00:00Z,664.81,660.59,0,46.09,618.72,46.09,41.87,NA,Unknown,Water level accuracy is unknown,1,Department of Water Resources,NA,1082,VENTURA COUNTY FLOOD CONTROL DISTRICT
2839,344458N1192917W001,1528079,1964-04-28T00:00:00Z,664.81,660.59,0,40.3,624.51,40.3,36.08,NA,Unknown,Water level accuracy is unknown,1,Department of Water Resources,NA,1082,VENTURA COUNTY FLOOD CONTROL DISTRICT
2839,344458N1192917W001,1528078,1964-04-09T00:00:00Z,664.81,660.59,0,47,617.81,47,42.78,NA,Unknown,Water level accuracy is unknown,1,Department of Water Resources,NA,1082,VENTURA COUNTY FLOOD CONTROL DISTRICT
2839,344458N1192917W001,1528077,1964-03-25T00:00:00Z,664.81,660.59,0,47.5,617.31,47.5,43.28,NA,Unknown,Water level accuracy is unknown,1,Department of Water Resources,NA,1082,VENTURA COUNTY FLOOD CONTROL DISTRICT
2839,344458N1192917W001,1528076,1964-02-25T00:00:00Z,664.81,660.59,0,39.8,625.01,39.8,35.58,NA,Unknown,Water level accuracy is unknown,1,Department of Water Resources,NA,1082,VENTURA COUNTY FLOOD CONTROL DISTRICT
2839,344458N1192917W001,1528075,1964-01-28T00:00:00Z,664.81,660.59,0,47.5,617.31,47.5,43.28,NA,Unknown,Water level accuracy is unknown,1,Department of Water Resources,NA,1082,VENTURA COUNTY FLOOD CONTROL DISTRICT
2839,344458N1192917W001,1528074,1963-12-26T00:00:00Z,664.81,660.59,0,47.5,617.31,47.5,43.28,NA,Unknown,Water level accuracy is unknown,1,Department of Water Resources,NA,1082,VENTURA COUNTY FLOOD CONTROL DISTRICT
2839,344458N1192917W001,1528073,1963-11-29T00:00:00Z,664.81,660.59,0,54.8,610.01,54.8,50.58,NA,Unknown,Water level accuracy is unknown,1,Department of Water Resources,NA,1082,VENTURA COUNTY FLOOD CONTROL DISTRICT
2839,344458N1192917W001,1528072,1963-10-30T00:00:00Z,664.81,660.59,0,60.8,604.01,60.8,56.58,NA,Unknown,Water level accuracy is unknown,1,Department of Water Resources,NA,1082,VENTURA COUNTY FLOOD CONTROL DISTRICT
2839,344458N1192917W001,1528071,1963-06-26T00:00:00Z,664.81,660.59,0,35.5,629.31,35.5,31.28,NA,Unknown,Water level accuracy is unknown,1,Department of Water Resources,NA,1082,VENTURA COUNTY FLOOD CONTROL DISTRICT
2839,344458N1192917W001,1528070,1963-05-28T00:00:00Z,664.81,660.59,0,27.5,637.31,27.5,23.28,NA,Unknown,Water level accuracy is unknown,1,Department of Water Resources,NA,1082,VENTURA COUNTY FLOOD CONTROL DISTRICT
2839,344458N1192917W001,1528069,1963-04-25T00:00:00Z,664.81,660.59,0,25.4,639.41,25.4,21.18,NA,Unknown,Water level accuracy is unknown,1,Department of Water Resources,NA,1082,VENTURA COUNTY FLOOD CONTROL DISTRICT
2839,344458N1192917W001,1528068,1963-03-27T00:00:00Z,664.81,660.59,0,25.8,639.01,25.8,21.58,NA,Unknown,Water level accuracy is unknown,1,Department of Water Resources,NA,1082,VENTURA COUNTY FLOOD CONTROL DISTRICT
2839,344458N1192917W001,1528067,1963-02-27T00:00:00Z,664.81,660.59,0,26.19,638.62,26.19,21.97,NA,Unknown,Water level accuracy is unknown,1,Department of Water Resources,NA,1082,VENTURA COUNTY FLOOD CONTROL DISTRICT
2839,344458N1192917W001,1528066,1963-02-12T00:00:00Z,664.81,660.59,0,41.5,623.31,41.5,37.28,NA,Unknown,Water level accuracy is unknown,1,Department of Water Resources,NA,1082,VENTURA COUNTY FLOOD CONTROL DISTRICT
2839,344458N1192917W001,1528065,1963-01-29T00:00:00Z,664.81,660.59,0,48.5,616.31,48.5,44.28,NA,Unknown,Water level accuracy is unknown,1,Department of Water Resources,NA,1082,VENTURA COUNTY FLOOD CONTROL DISTRICT
2839,344458N1192917W001,1528064,1962-12-26T00:00:00Z,664.81,660.59,0,54.8,610.01,54.8,50.58,NA,Unknown,Water level accuracy is unknown,1,Department of Water Resources,NA,1082,VENTURA COUNTY FLOOD CONTROL DISTRICT
2839,344458N1192917W001,1528063,1962-10-25T00:00:00Z,664.81,660.59,0,54.5,610.31,54.5,50.28,NA,Unknown,Water level accuracy is unknown,1,Department of Water Resources,NA,1082,VENTURA COUNTY FLOOD CONTROL DISTRICT
2839,344458N1192917W001,1528062,1962-08-29T00:00:00Z,664.81,660.59,0,39.9,624.91,39.9,35.68,NA,Unknown,Water level accuracy is unknown,1,Department of Water Resources,NA,1082,VENTURA COUNTY FLOOD CONTROL DISTRICT
2839,344458N1192917W001,1528061,1962-08-13T00:00:00Z,664.81,660.59,0,34.3,630.51,34.3,30.08,NA,Unknown,Water level accuracy is unknown,1,Department of Water Resources,NA,1082,VENTURA COUNTY FLOOD CONTROL DISTRICT
2839,344458N1192917W001,1528060,1962-06-04T00:00:00Z,664.81,660.59,0,18.5,646.31,18.5,14.28,NA,Unknown,Water level accuracy is unknown,1,Department of Water Resources,NA,1082,VENTURA COUNTY FLOOD CONTROL DISTRICT
2839,344458N1192917W001,1528059,1962-05-22T00:00:00Z,664.81,660.59,0,17.8,647.01,17.8,13.58,NA,Unknown,Water level accuracy is unknown,1,Department of Water Resources,NA,1082,VENTURA COUNTY FLOOD CONTROL DISTRICT
2839,344458N1192917W001,1528058,1962-05-11T00:00:00Z,664.81,660.59,0,18.3,646.51,18.3,14.08,NA,Unknown,Water level accuracy is unknown,1,Department of Water Resources,NA,1082,VENTURA COUNTY FLOOD CONTROL DISTRICT
2839,344458N1192917W001,1528057,1962-04-23T00:00:00Z,664.81,660.59,0,19.09,645.72,19.09,14.87,NA,Unknown,Water level accuracy is unknown,1,Department of Water Resources,NA,1082,VENTURA COUNTY FLOOD CONTROL DISTRICT
2839,344458N1192917W001,1528056,1962-04-13T00:00:00Z,664.81,660.59,0,19,645.81,19,14.78,NA,Unknown,Water level accuracy is unknown,1,Department of Water Resources,NA,1082,VENTURA COUNTY FLOOD CONTROL DISTRICT
2839,344458N1192917W001,1528055,1962-03-23T00:00:00Z,664.81,660.59,0,19.69,645.12,19.69,15.47,NA,Unknown,Water level accuracy is unknown,1,Department of Water Resources,NA,1082,VENTURA COUNTY FLOOD CONTROL DISTRICT
2839,344458N1192917W001,1528054,1962-02-27T00:00:00Z,664.81,660.59,0,13.09,651.72,13.09,8.87,NA,Unknown,Water level accuracy is unknown,1,Department of Water Resources,NA,1082,VENTURA COUNTY FLOOD CONTROL DISTRICT
2839,344458N1192917W001,1528053,1962-01-25T00:00:00Z,664.81,660.59,0,47,617.81,47,42.78,NA,Unknown,Water level accuracy is unknown,1,Department of Water Resources,NA,1082,VENTURA COUNTY FLOOD CONTROL DISTRICT
2839,344458N1192917W001,1528052,1961-12-26T00:00:00Z,664.81,660.59,0,56.69,608.12,56.69,52.47,NA,Unknown,Water level accuracy is unknown,1,Department of Water Resources,NA,1082,VENTURA COUNTY FLOOD CONTROL DISTRICT
2839,344458N1192917W001,1528051,1961-12-07T00:00:00Z,664.81,660.59,0,79.8,585.01,79.8,75.58,NA,Unknown,Water level accuracy is unknown,1,Department of Water Resources,NA,1082,VENTURA COUNTY FLOOD CONTROL DISTRICT
2839,344458N1192917W001,1528050,1961-11-29T00:00:00Z,664.81,660.59,0,88.19,576.62,88.19,83.97,NA,Unknown,Water level accuracy is unknown,1,Department of Water Resources,NA,1082,VENTURA COUNTY FLOOD CONTROL DISTRICT
2839,344458N1192917W001,1528049,1961-04-25T00:00:00Z,664.81,660.59,0,70,594.81,70,65.78,NA,Unknown,Water level accuracy is unknown,1,Department of Water Resources,NA,1082,VENTURA COUNTY FLOOD CONTROL DISTRICT
2839,344458N1192917W001,1528048,1961-02-23T00:00:00Z,664.81,660.59,0,44.69,620.12,44.69,40.47,NA,Unknown,Water level accuracy is unknown,1,Department of Water Resources,NA,1082,VENTURA COUNTY FLOOD CONTROL DISTRICT
2839,344458N1192917W001,1528047,1961-01-25T00:00:00Z,664.81,660.59,0,44.3,620.51,44.3,40.08,NA,Unknown,Water level accuracy is unknown,1,Department of Water Resources,NA,1082,VENTURA COUNTY FLOOD CONTROL DISTRICT
2839,344458N1192917W001,1528046,1960-12-27T00:00:00Z,664.81,660.59,0,41.09,623.72,41.09,36.87,NA,Unknown,Water level accuracy is unknown,1,Department of Water Resources,NA,1082,VENTURA COUNTY FLOOD CONTROL DISTRICT
2839,344458N1192917W001,1528045,1960-11-29T00:00:00Z,664.81,660.59,0,54.09,610.72,54.09,49.87,NA,Unknown,Water level accuracy is unknown,1,Department of Water Resources,NA,1082,VENTURA COUNTY FLOOD CONTROL DISTRICT
2839,344458N1192917W001,1528044,1960-11-15T00:00:00Z,664.81,660.59,0,63,601.81,63,58.78,NA,Unknown,Water level accuracy is unknown,1,Department of Water Resources,NA,1082,VENTURA COUNTY FLOOD CONTROL DISTRICT
2839,344458N1192917W001,1528043,1960-09-15T00:00:00Z,664.81,660.59,0,65.8,599.01,65.8,61.58,NA,Unknown,Water level accuracy is unknown,1,Department of Water Resources,NA,1082,VENTURA COUNTY FLOOD CONTROL DISTRICT
2839,344458N1192917W001,1528042,1960-09-08T00:00:00Z,664.81,660.59,0,76,588.81,76,71.78,NA,Unknown,Water level accuracy is unknown,1,Department of Water Resources,NA,1082,VENTURA COUNTY FLOOD CONTROL DISTRICT
2839,344458N1192917W001,1528041,1960-05-24T00:00:00Z,664.81,660.59,0,39.4,625.41,39.4,35.18,NA,Unknown,Water level accuracy is unknown,1,Department of Water Resources,NA,1082,VENTURA COUNTY FLOOD CONTROL DISTRICT
2839,344458N1192917W001,1528040,1960-05-11T00:00:00Z,664.81,660.59,0,38.3,626.51,38.3,34.08,NA,Unknown,Water level accuracy is unknown,1,Department of Water Resources,NA,1082,VENTURA COUNTY FLOOD CONTROL DISTRICT
2839,344458N1192917W001,1528039,1960-04-26T00:00:00Z,664.81,660.59,0,35.69,629.12,35.69,31.47,NA,Unknown,Water level accuracy is unknown,1,Department of Water Resources,NA,1082,VENTURA COUNTY FLOOD CONTROL DISTRICT
2839,344458N1192917W001,1528038,1960-04-08T00:00:00Z,664.81,660.59,0,41.3,623.51,41.3,37.08,NA,Unknown,Water level accuracy is unknown,1,Department of Water Resources,NA,1082,VENTURA COUNTY FLOOD CONTROL DISTRICT
2839,344458N1192917W001,1528037,1960-03-29T00:00:00Z,664.81,660.59,0,30.09,634.72,30.09,25.87,NA,Unknown,Water level accuracy is unknown,1,Department of Water Resources,NA,1082,VENTURA COUNTY FLOOD CONTROL DISTRICT
2839,344458N1192917W001,1528036,1960-03-10T00:00:00Z,664.81,660.59,0,28.19,636.62,28.19,23.97,NA,Unknown,Water level accuracy is unknown,1,Department of Water Resources,NA,1082,VENTURA COUNTY FLOOD CONTROL DISTRICT
2839,344458N1192917W001,1528035,1960-02-24T00:00:00Z,664.81,660.59,0,28.5,636.31,28.5,24.28,NA,Unknown,Water level accuracy is unknown,1,Department of Water Resources,NA,1082,VENTURA COUNTY FLOOD CONTROL DISTRICT
2839,344458N1192917W001,1528034,1960-02-15T00:00:00Z,664.81,660.59,0,29.19,635.62,29.19,24.97,NA,Unknown,Water level accuracy is unknown,1,Department of Water Resources,NA,1082,VENTURA COUNTY FLOOD CONTROL DISTRICT
2839,344458N1192917W001,1528033,1960-01-26T00:00:00Z,664.81,660.59,0,43.3,621.51,43.3,39.08,NA,Unknown,Water level accuracy is unknown,1,Department of Water Resources,NA,1082,VENTURA COUNTY FLOOD CONTROL DISTRICT
2839,344458N1192917W001,1528032,1959-12-29T00:00:00Z,664.81,660.59,0,58.9,605.91,58.9,54.68,NA,Unknown,Water level accuracy is unknown,1,Department of Water Resources,NA,1082,VENTURA COUNTY FLOOD CONTROL DISTRICT
2839,344458N1192917W001,1528031,1959-12-16T00:00:00Z,664.81,660.59,0,57.9,606.91,57.9,53.68,NA,Unknown,Water level accuracy is unknown,1,Department of Water Resources,NA,1082,VENTURA COUNTY FLOOD CONTROL DISTRICT
2839,344458N1192917W001,1528030,1959-11-30T00:00:00Z,664.81,660.59,0,52.09,612.72,52.09,47.87,NA,Unknown,Water level accuracy is unknown,1,Department of Water Resources,NA,1082,VENTURA COUNTY FLOOD CONTROL DISTRICT
2839,344458N1192917W001,1528029,1959-11-24T00:00:00Z,664.81,660.59,0,50.5,614.31,50.5,46.28,NA,Unknown,Water level accuracy is unknown,1,Department of Water Resources,NA,1082,VENTURA COUNTY FLOOD CONTROL DISTRICT
2839,344458N1192917W001,1528028,1959-11-16T00:00:00Z,664.81,660.59,0,48.8,616.01,48.8,44.58,NA,Unknown,Water level accuracy is unknown,1,Department of Water Resources,NA,1082,VENTURA COUNTY FLOOD CONTROL DISTRICT
2839,344458N1192917W001,1528027,1959-11-09T00:00:00Z,664.81,660.59,0,48.69,616.12,48.69,44.47,NA,Unknown,Water level accuracy is unknown,1,Department of Water Resources,NA,1082,VENTURA COUNTY FLOOD CONTROL DISTRICT
2839,344458N1192917W001,1528026,1959-11-04T00:00:00Z,664.81,660.59,0,53.3,611.51,53.3,49.08,NA,Unknown,Water level accuracy is unknown,1,Department of Water Resources,NA,1082,VENTURA COUNTY FLOOD CONTROL DISTRICT
2839,344458N1192917W001,1528025,1959-10-28T00:00:00Z,664.81,660.59,0,61.59,603.22,61.59,57.37,NA,Unknown,Water level accuracy is unknown,1,Department of Water Resources,NA,1082,VENTURA COUNTY FLOOD CONTROL DISTRICT
2839,344458N1192917W001,1528024,1959-10-14T00:00:00Z,664.81,660.59,0,71.8,593.01,71.8,67.58,NA,Unknown,Water level accuracy is unknown,1,Department of Water Resources,NA,1082,VENTURA COUNTY FLOOD CONTROL DISTRICT
2839,344458N1192917W001,1528023,1959-08-31T00:00:00Z,664.81,660.59,0,66.59,598.22,66.59,62.37,NA,Unknown,Water level accuracy is unknown,1,Department of Water Resources,NA,1082,VENTURA COUNTY FLOOD CONTROL DISTRICT
2839,344458N1192917W001,1528022,1959-07-31T00:00:00Z,664.81,660.59,0,54.4,610.41,54.4,50.18,NA,Unknown,Water level accuracy is unknown,1,Department of Water Resources,NA,1082,VENTURA COUNTY FLOOD CONTROL DISTRICT
2839,344458N1192917W001,1528021,1959-06-02T00:00:00Z,664.81,660.59,0,28.19,636.62,28.19,23.97,NA,Unknown,Water level accuracy is unknown,1,Department of Water Resources,NA,1082,VENTURA COUNTY FLOOD CONTROL DISTRICT
2839,344458N1192917W001,1528020,1959-04-30T00:00:00Z,664.81,660.59,0,27.19,637.62,27.19,22.97,NA,Unknown,Water level accuracy is unknown,1,Department of Water Resources,NA,1082,VENTURA COUNTY FLOOD CONTROL DISTRICT
2839,344458N1192917W001,1528019,1959-03-31T00:00:00Z,664.81,660.59,0,32,632.81,32,27.78,NA,Unknown,Water level accuracy is unknown,1,Department of Water Resources,NA,1082,VENTURA COUNTY FLOOD CONTROL DISTRICT
2839,344458N1192917W001,1528018,1959-02-26T00:00:00Z,664.81,660.59,0,30.59,634.22,30.59,26.37,NA,Unknown,Water level accuracy is unknown,1,Department of Water Resources,NA,1082,VENTURA COUNTY FLOOD CONTROL DISTRICT
2839,344458N1192917W001,1528017,1959-01-27T00:00:00Z,664.81,660.59,0,36.9,627.91,36.9,32.68,NA,Unknown,Water level accuracy is unknown,1,Department of Water Resources,NA,1082,VENTURA COUNTY FLOOD CONTROL DISTRICT
2839,344458N1192917W001,1528016,1958-12-22T00:00:00Z,664.81,660.59,0,43.09,621.72,43.09,38.87,NA,Unknown,Water level accuracy is unknown,1,Department of Water Resources,NA,1082,VENTURA COUNTY FLOOD CONTROL DISTRICT
2839,344458N1192917W001,1528015,1958-10-30T00:00:00Z,664.81,660.59,0,52.4,612.41,52.4,48.18,NA,Unknown,Water level accuracy is unknown,1,Department of Water Resources,NA,1082,VENTURA COUNTY FLOOD CONTROL DISTRICT
2839,344458N1192917W001,1528014,1958-09-24T00:00:00Z,664.81,660.59,0,39.3,625.51,39.3,35.08,NA,Unknown,Water level accuracy is unknown,1,Department of Water Resources,NA,1082,VENTURA COUNTY FLOOD CONTROL DISTRICT
2839,344458N1192917W001,1528013,1958-07-29T00:00:00Z,664.81,660.59,0,21,643.81,21,16.78,NA,Unknown,Water level accuracy is unknown,1,Department of Water Resources,NA,1082,VENTURA COUNTY FLOOD CONTROL DISTRICT
2839,344458N1192917W001,1528012,1958-06-10T00:00:00Z,664.81,660.59,0,18.4,646.41,18.4,14.18,NA,Unknown,Water level accuracy is unknown,1,Department of Water Resources,NA,1082,VENTURA COUNTY FLOOD CONTROL DISTRICT
2839,344458N1192917W001,1528011,1958-05-05T00:00:00Z,664.81,660.59,0,12.4,652.41,12.4,8.18,NA,Unknown,Water level accuracy is unknown,1,Department of Water Resources,NA,1082,VENTURA COUNTY FLOOD CONTROL DISTRICT
2839,344458N1192917W001,1528010,1958-03-05T00:00:00Z,664.81,660.59,0,13.09,651.72,13.09,8.87,NA,Unknown,Water level accuracy is unknown,1,Department of Water Resources,NA,1082,VENTURA COUNTY FLOOD CONTROL DISTRICT
2839,344458N1192917W001,1528009,1958-01-15T00:00:00Z,664.81,660.59,0,51.19,613.62,51.19,46.97,NA,Unknown,Water level accuracy is unknown,1,Department of Water Resources,NA,1082,VENTURA COUNTY FLOOD CONTROL DISTRICT
2839,344458N1192917W001,1528008,1957-12-10T00:00:00Z,664.81,660.59,0,52.3,612.51,52.3,48.08,NA,Unknown,Water level accuracy is unknown,1,Department of Water Resources,NA,1082,VENTURA COUNTY FLOOD CONTROL DISTRICT
2839,344458N1192917W001,1528007,1957-12-03T00:00:00Z,664.81,660.59,0,49.3,615.51,49.3,45.08,NA,Unknown,Water level accuracy is unknown,1,Department of Water Resources,NA,1082,VENTURA COUNTY FLOOD CONTROL DISTRICT
2839,344458N1192917W001,1528006,1957-11-25T00:00:00Z,664.81,660.59,0,44.4,620.41,44.4,40.18,NA,Unknown,Water level accuracy is unknown,1,Department of Water Resources,NA,1082,VENTURA COUNTY FLOOD CONTROL DISTRICT
2839,344458N1192917W001,1528005,1957-11-18T00:00:00Z,664.81,660.59,0,41.69,623.12,41.69,37.47,NA,Unknown,Water level accuracy is unknown,1,Department of Water Resources,NA,1082,VENTURA COUNTY FLOOD CONTROL DISTRICT
2839,344458N1192917W001,1528004,1957-11-05T00:00:00Z,664.81,660.59,0,35.9,628.91,35.9,31.68,NA,Unknown,Water level accuracy is unknown,1,Department of Water Resources,NA,1082,VENTURA COUNTY FLOOD CONTROL DISTRICT
2839,344458N1192917W001,1528003,1957-10-24T00:00:00Z,664.81,660.59,0,43.5,621.31,43.5,39.28,NA,Unknown,Water level accuracy is unknown,1,Department of Water Resources,NA,1082,VENTURA COUNTY FLOOD CONTROL DISTRICT
2839,344458N1192917W001,1528002,1957-06-07T00:00:00Z,664.81,660.59,0,51,613.81,51,46.78,NA,Unknown,Water level accuracy is unknown,1,Department of Water Resources,NA,1082,VENTURA COUNTY FLOOD CONTROL DISTRICT
2839,344458N1192917W001,1528001,1957-04-26T00:00:00Z,664.81,660.59,0,48.4,616.41,48.4,44.18,NA,Unknown,Water level accuracy is unknown,1,Department of Water Resources,NA,1082,VENTURA COUNTY FLOOD CONTROL DISTRICT
2839,344458N1192917W001,1528000,1957-03-28T00:00:00Z,664.81,660.59,0,48.3,616.51,48.3,44.08,NA,Unknown,Water level accuracy is unknown,1,Department of Water Resources,NA,1082,VENTURA COUNTY FLOOD CONTROL DISTRICT
2839,344458N1192917W001,1527999,1957-02-14T00:00:00Z,664.81,660.59,0,54.4,610.41,54.4,50.18,NA,Unknown,Water level accuracy is unknown,1,Department of Water Resources,NA,1082,VENTURA COUNTY FLOOD CONTROL DISTRICT
2839,344458N1192917W001,1527998,1957-01-02T00:00:00Z,664.81,660.59,0,51.69,613.12,51.69,47.47,NA,Unknown,Water level accuracy is unknown,1,Department of Water Resources,NA,1082,VENTURA COUNTY FLOOD CONTROL DISTRICT
2839,344458N1192917W001,1527997,1956-12-24T00:00:00Z,664.81,660.59,0,49,615.81,49,44.78,NA,Unknown,Water level accuracy is unknown,1,Department of Water Resources,NA,1082,VENTURA COUNTY FLOOD CONTROL DISTRICT
2839,344458N1192917W001,1527996,1956-10-25T00:00:00Z,664.81,660.59,0,47.09,617.72,47.09,42.87,NA,Unknown,Water level accuracy is unknown,1,Department of Water Resources,NA,1082,VENTURA COUNTY FLOOD CONTROL DISTRICT
2839,344458N1192917W001,1527995,1956-09-12T00:00:00Z,664.81,660.59,0,47.8,617.01,47.8,43.58,NA,Unknown,Water level accuracy is unknown,1,Department of Water Resources,NA,1082,VENTURA COUNTY FLOOD CONTROL DISTRICT
2839,344458N1192917W001,1527994,1956-07-05T00:00:00Z,664.81,660.59,0,46.69,618.12,46.69,42.47,NA,Unknown,Water level accuracy is unknown,1,Department of Water Resources,NA,1082,VENTURA COUNTY FLOOD CONTROL DISTRICT
2839,344458N1192917W001,1527993,1956-05-24T00:00:00Z,664.81,660.59,0,35.5,629.31,35.5,31.28,NA,Unknown,Water level accuracy is unknown,1,Department of Water Resources,NA,1082,VENTURA COUNTY FLOOD CONTROL DISTRICT
2839,344458N1192917W001,1527992,1956-04-24T00:00:00Z,664.81,660.59,0,38.3,626.51,38.3,34.08,NA,Unknown,Water level accuracy is unknown,1,Department of Water Resources,NA,1082,VENTURA COUNTY FLOOD CONTROL DISTRICT
2839,344458N1192917W001,1527991,1956-03-15T00:00:00Z,664.81,660.59,0,36.5,628.31,36.5,32.28,NA,Unknown,Water level accuracy is unknown,1,Department of Water Resources,NA,1082,VENTURA COUNTY FLOOD CONTROL DISTRICT
2839,344458N1192917W001,1527990,1955-12-02T00:00:00Z,664.81,660.59,0,55.3,609.51,55.3,51.08,NA,Unknown,Water level accuracy is unknown,1,Department of Water Resources,NA,1082,VENTURA COUNTY FLOOD CONTROL DISTRICT
2839,344458N1192917W001,1527989,1955-09-22T00:00:00Z,664.81,660.59,0,62.09,602.72,62.09,57.87,NA,Unknown,Water level accuracy is unknown,1,Department of Water Resources,NA,1082,VENTURA COUNTY FLOOD CONTROL DISTRICT
2839,344458N1192917W001,1527988,1955-08-10T00:00:00Z,664.81,660.59,0,58.19,606.62,58.19,53.97,NA,Unknown,Water level accuracy is unknown,1,Department of Water Resources,NA,1082,VENTURA COUNTY FLOOD CONTROL DISTRICT
2839,344458N1192917W001,1527987,1955-07-11T00:00:00Z,664.81,660.59,0,39.19,625.62,39.19,34.97,NA,Unknown,Water level accuracy is unknown,1,Department of Water Resources,NA,1082,VENTURA COUNTY FLOOD CONTROL DISTRICT
2839,344458N1192917W001,1527986,1955-06-01T00:00:00Z,664.81,660.59,0,32.09,632.72,32.09,27.87,NA,Unknown,Water level accuracy is unknown,1,Department of Water Resources,NA,1082,VENTURA COUNTY FLOOD CONTROL DISTRICT
2839,344458N1192917W001,1527985,1955-04-27T00:00:00Z,664.81,660.59,0,37.59,627.22,37.59,33.37,NA,Unknown,Water level accuracy is unknown,1,Department of Water Resources,NA,1082,VENTURA COUNTY FLOOD CONTROL DISTRICT
2839,344458N1192917W001,1527984,1955-03-22T00:00:00Z,664.81,660.59,0,43.69,621.12,43.69,39.47,NA,Unknown,Water level accuracy is unknown,1,Department of Water Resources,NA,1082,VENTURA COUNTY FLOOD CONTROL DISTRICT
2839,344458N1192917W001,1527983,1955-02-18T00:00:00Z,664.81,660.59,0,44.59,620.22,44.59,40.37,NA,Unknown,Water level accuracy is unknown,1,Department of Water Resources,NA,1082,VENTURA COUNTY FLOOD CONTROL DISTRICT
2839,344458N1192917W001,1527982,1955-01-20T00:00:00Z,664.81,660.59,0,45.8,619.01,45.8,41.58,NA,Unknown,Water level accuracy is unknown,1,Department of Water Resources,NA,1082,VENTURA COUNTY FLOOD CONTROL DISTRICT
2839,344458N1192917W001,1527981,1954-12-01T00:00:00Z,664.81,660.59,0,54.09,610.72,54.09,49.87,NA,Unknown,Water level accuracy is unknown,1,Department of Water Resources,NA,1082,VENTURA COUNTY FLOOD CONTROL DISTRICT
2839,344458N1192917W001,1527980,1954-11-01T00:00:00Z,664.81,660.59,0,59.19,605.62,59.19,54.97,NA,Unknown,Water level accuracy is unknown,1,Department of Water Resources,NA,1082,VENTURA COUNTY FLOOD CONTROL DISTRICT
2839,344458N1192917W001,1527979,1954-08-05T00:00:00Z,664.81,660.59,0,35.3,629.51,35.3,31.08,NA,Unknown,Water level accuracy is unknown,1,Department of Water Resources,NA,1082,VENTURA COUNTY FLOOD CONTROL DISTRICT
2839,344458N1192917W001,1527978,1954-04-20T00:00:00Z,664.81,660.59,0,40,624.81,40,35.78,NA,Unknown,Water level accuracy is unknown,1,Department of Water Resources,NA,1082,VENTURA COUNTY FLOOD CONTROL DISTRICT
2839,344458N1192917W001,1527977,1954-03-12T00:00:00Z,664.81,660.59,0,41,623.81,41,36.78,NA,Unknown,Water level accuracy is unknown,1,Department of Water Resources,NA,1082,VENTURA COUNTY FLOOD CONTROL DISTRICT
2839,344458N1192917W001,1527976,1954-02-10T00:00:00Z,664.81,660.59,0,45.59,619.22,45.59,41.37,NA,Unknown,Water level accuracy is unknown,1,Department of Water Resources,NA,1082,VENTURA COUNTY FLOOD CONTROL DISTRICT
2839,344458N1192917W001,1527975,1953-12-17T00:00:00Z,664.81,660.59,0,51.5,613.31,51.5,47.28,NA,Unknown,Water level accuracy is unknown,1,Department of Water Resources,NA,1082,VENTURA COUNTY FLOOD CONTROL DISTRICT
2839,344458N1192917W001,1527974,1953-11-04T00:00:00Z,664.81,660.59,0,55,609.81,55,50.78,NA,Unknown,Water level accuracy is unknown,1,Department of Water Resources,NA,1082,VENTURA COUNTY FLOOD CONTROL DISTRICT
2839,344458N1192917W001,1527973,1953-10-05T00:00:00Z,664.81,660.59,0,57.4,607.41,57.4,53.18,NA,Unknown,Water level accuracy is unknown,1,Department of Water Resources,NA,1082,VENTURA COUNTY FLOOD CONTROL DISTRICT
2839,344458N1192917W001,1527972,1953-09-02T00:00:00Z,664.81,660.59,0,47.19,617.62,47.19,42.97,NA,Unknown,Water level accuracy is unknown,1,Department of Water Resources,NA,1082,VENTURA COUNTY FLOOD CONTROL DISTRICT
2839,344458N1192917W001,1527971,1953-07-14T00:00:00Z,664.81,660.59,0,46.69,618.12,46.69,42.47,NA,Unknown,Water level accuracy is unknown,1,Department of Water Resources,NA,1082,VENTURA COUNTY FLOOD CONTROL DISTRICT
2839,344458N1192917W001,1527970,1953-06-18T00:00:00Z,664.81,660.59,0,53.5,611.31,53.5,49.28,NA,Unknown,Water level accuracy is unknown,1,Department of Water Resources,NA,1082,VENTURA COUNTY FLOOD CONTROL DISTRICT
2839,344458N1192917W001,1527969,1953-05-20T00:00:00Z,664.81,660.59,0,50.5,614.31,50.5,46.28,NA,Unknown,Water level accuracy is unknown,1,Department of Water Resources,NA,1082,VENTURA COUNTY FLOOD CONTROL DISTRICT
2839,344458N1192917W001,1527968,1953-04-22T00:00:00Z,664.81,660.59,0,50.8,614.01,50.8,46.58,NA,Unknown,Water level accuracy is unknown,1,Department of Water Resources,NA,1082,VENTURA COUNTY FLOOD CONTROL DISTRICT
2839,344458N1192917W001,1527967,1953-03-17T00:00:00Z,664.81,660.59,0,49.8,615.01,49.8,45.58,NA,Unknown,Water level accuracy is unknown,1,Department of Water Resources,NA,1082,VENTURA COUNTY FLOOD CONTROL DISTRICT
2839,344458N1192917W001,1527966,1953-02-18T00:00:00Z,664.81,660.59,0,46.59,618.22,46.59,42.37,NA,Unknown,Water level accuracy is unknown,1,Department of Water Resources,NA,1082,VENTURA COUNTY FLOOD CONTROL DISTRICT
2839,344458N1192917W001,1527965,1953-01-20T00:00:00Z,664.81,660.59,0,45,619.81,45,40.78,NA,Unknown,Water level accuracy is unknown,1,Department of Water Resources,NA,1082,VENTURA COUNTY FLOOD CONTROL DISTRICT
2839,344458N1192917W001,1527964,1952-12-19T00:00:00Z,664.81,660.59,0,45.9,618.91,45.9,41.68,NA,Unknown,Water level accuracy is unknown,1,Department of Water Resources,NA,1082,VENTURA COUNTY FLOOD CONTROL DISTRICT
2839,344458N1192917W001,1527963,1952-11-18T00:00:00Z,664.81,660.59,0,41.59,623.22,41.59,37.37,NA,Unknown,Water level accuracy is unknown,1,Department of Water Resources,NA,1082,VENTURA COUNTY FLOOD CONTROL DISTRICT
2839,344458N1192917W001,1527962,1952-10-07T00:00:00Z,664.81,660.59,0,31.09,633.72,31.09,26.87,NA,Unknown,Water level accuracy is unknown,1,Department of Water Resources,NA,1082,VENTURA COUNTY FLOOD CONTROL DISTRICT
2839,344458N1192917W001,1527961,1952-09-10T00:00:00Z,664.81,660.59,0,28.9,635.91,28.9,24.68,NA,Unknown,Water level accuracy is unknown,1,Department of Water Resources,NA,1082,VENTURA COUNTY FLOOD CONTROL DISTRICT
2839,344458N1192917W001,1527960,1952-08-11T00:00:00Z,664.81,660.59,0,27.59,637.22,27.59,23.37,NA,Unknown,Water level accuracy is unknown,1,Department of Water Resources,NA,1082,VENTURA COUNTY FLOOD CONTROL DISTRICT
2839,344458N1192917W001,1527959,1952-06-27T00:00:00Z,664.81,660.59,0,23.4,641.41,23.4,19.18,NA,Unknown,Water level accuracy is unknown,1,Department of Water Resources,NA,1082,VENTURA COUNTY FLOOD CONTROL DISTRICT
2839,344458N1192917W001,1527958,1952-05-07T00:00:00Z,664.81,660.59,0,22.69,642.12,22.69,18.47,NA,Unknown,Water level accuracy is unknown,1,Department of Water Resources,NA,1082,VENTURA COUNTY FLOOD CONTROL DISTRICT
2839,344458N1192917W001,1527957,1952-04-09T00:00:00Z,664.81,660.59,0,16,648.81,16,11.78,NA,Unknown,Water level accuracy is unknown,1,Department of Water Resources,NA,1082,VENTURA COUNTY FLOOD CONTROL DISTRICT
2839,344458N1192917W001,1527956,1952-03-13T00:00:00Z,664.81,660.59,0,26.09,638.72,26.09,21.87,NA,Unknown,Water level accuracy is unknown,1,Department of Water Resources,NA,1082,VENTURA COUNTY FLOOD CONTROL DISTRICT
2839,344458N1192917W001,1527955,1952-02-14T00:00:00Z,664.81,660.59,0,18.69,646.12,18.69,14.47,NA,Unknown,Water level accuracy is unknown,1,Department of Water Resources,NA,1082,VENTURA COUNTY FLOOD CONTROL DISTRICT
2839,344458N1192917W001,1527954,1952-01-04T00:00:00Z,664.81,660.59,0,21.19,643.62,21.19,16.97,NA,Unknown,Water level accuracy is unknown,1,Department of Water Resources,NA,1082,VENTURA COUNTY FLOOD CONTROL DISTRICT
2839,344458N1192917W001,1527953,1952-01-03T00:00:00Z,664.81,660.59,0,63.9,600.91,63.9,59.68,NA,Unknown,Water level accuracy is unknown,1,Department of Water Resources,NA,1082,VENTURA COUNTY FLOOD CONTROL DISTRICT
2839,344458N1192917W001,1527952,1951-12-05T00:00:00Z,664.81,660.59,0,86,578.81,86,81.78,NA,Unknown,Water level accuracy is unknown,1,Department of Water Resources,NA,1082,VENTURA COUNTY FLOOD CONTROL DISTRICT
2839,344458N1192917W001,1527951,1951-10-03T00:00:00Z,664.81,660.59,0,90.59,574.22,90.59,86.37,NA,Unknown,Water level accuracy is unknown,1,Department of Water Resources,NA,1082,VENTURA COUNTY FLOOD CONTROL DISTRICT
2839,344458N1192917W001,1527950,1951-06-01T00:00:00Z,664.81,660.59,0,62.19,602.62,62.19,57.97,NA,Unknown,Water level accuracy is unknown,1,Department of Water Resources,NA,1082,VENTURA COUNTY FLOOD CONTROL DISTRICT
2839,344458N1192917W001,1527949,1951-05-03T00:00:00Z,664.81,660.59,0,60.69,604.12,60.69,56.47,NA,Unknown,Water level accuracy is unknown,1,Department of Water Resources,NA,1082,VENTURA COUNTY FLOOD CONTROL DISTRICT
2839,344458N1192917W001,1527948,1951-03-01T00:00:00Z,664.81,660.59,0,58.69,606.12,58.69,54.47,NA,Unknown,Water level accuracy is unknown,1,Department of Water Resources,NA,1082,VENTURA COUNTY FLOOD CONTROL DISTRICT
2839,344458N1192917W001,1527947,1951-02-01T00:00:00Z,664.81,660.59,0,57.3,607.51,57.3,53.08,NA,Unknown,Water level accuracy is unknown,1,Department of Water Resources,NA,1082,VENTURA COUNTY FLOOD CONTROL DISTRICT
2839,344458N1192917W001,1527946,1950-12-29T00:00:00Z,664.81,660.59,0,59.59,605.22,59.59,55.37,NA,Unknown,Water level accuracy is unknown,1,Department of Water Resources,NA,1082,VENTURA COUNTY FLOOD CONTROL DISTRICT
2839,344458N1192917W001,1527945,1950-12-01T00:00:00Z,664.81,660.59,0,61.3,603.51,61.3,57.08,NA,Unknown,Water level accuracy is unknown,1,Department of Water Resources,NA,1082,VENTURA COUNTY FLOOD CONTROL DISTRICT
2839,344458N1192917W001,1527944,1950-09-08T00:00:00Z,664.81,660.59,0,66.19,598.62,66.19,61.97,NA,Unknown,Water level accuracy is unknown,1,Department of Water Resources,NA,1082,VENTURA COUNTY FLOOD CONTROL DISTRICT
2839,344458N1192917W001,1527943,1950-07-17T00:00:00Z,664.81,660.59,0,73.19,591.62,73.19,68.97,NA,Unknown,Water level accuracy is unknown,1,Department of Water Resources,NA,1082,VENTURA COUNTY FLOOD CONTROL DISTRICT
2839,344458N1192917W001,1527942,1950-05-24T00:00:00Z,664.81,660.59,0,50.69,614.12,50.69,46.47,NA,Unknown,Water level accuracy is unknown,1,Department of Water Resources,NA,1082,VENTURA COUNTY FLOOD CONTROL DISTRICT
2839,344458N1192917W001,1527941,1950-05-16T00:00:00Z,664.81,660.59,0,55.19,609.62,55.19,50.97,NA,Unknown,Water level accuracy is unknown,1,Department of Water Resources,NA,1082,VENTURA COUNTY FLOOD CONTROL DISTRICT
2839,344458N1192917W001,1527940,1950-05-02T00:00:00Z,664.81,660.59,0,55.4,609.41,55.4,51.18,NA,Unknown,Water level accuracy is unknown,1,Department of Water Resources,NA,1082,VENTURA COUNTY FLOOD CONTROL DISTRICT
2839,344458N1192917W001,1527939,1949-11-23T00:00:00Z,664.81,660.59,0,67.19,597.62,67.19,62.97,NA,Unknown,Water level accuracy is unknown,1,Department of Water Resources,NA,1082,VENTURA COUNTY FLOOD CONTROL DISTRICT
2839,344458N1192917W001,1527938,1949-09-07T00:00:00Z,664.81,660.59,0,69.59,595.22,69.59,65.37,NA,Unknown,Water level accuracy is unknown,1,Department of Water Resources,NA,1082,VENTURA COUNTY FLOOD CONTROL DISTRICT
2839,344458N1192917W001,1527937,1949-04-21T00:00:00Z,664.81,660.59,0,52,612.81,52,47.78,NA,Unknown,Water level accuracy is unknown,1,Department of Water Resources,NA,1082,VENTURA COUNTY FLOOD CONTROL DISTRICT
2839,344458N1192917W001,1527936,1949-04-13T00:00:00Z,664.81,660.59,0,49.19,615.62,49.19,44.97,NA,Unknown,Water level accuracy is unknown,1,Department of Water Resources,NA,1082,VENTURA COUNTY FLOOD CONTROL DISTRICT
2839,344458N1192917W001,1527935,1949-03-10T00:00:00Z,664.81,660.59,0,41.59,623.22,41.59,37.37,NA,Unknown,Water level accuracy is unknown,1,Department of Water Resources,NA,1082,VENTURA COUNTY FLOOD CONTROL DISTRICT
2839,344458N1192917W001,1527934,1949-01-26T00:00:00Z,664.81,660.59,0,59.09,605.72,59.09,54.87,NA,Unknown,Water level accuracy is unknown,1,Department of Water Resources,NA,1082,VENTURA COUNTY FLOOD CONTROL DISTRICT
